1 4.0
2 2.0
3 2.0
4 1.0
5 2.0
6 2.0
7 21
8 1.0
9 1.0
10 1.0
11 12.0
12 1.0
13 9.0
14 1.0
15 1.0
16 7.0
17 7.0
18 4.0
19 10.0
20 4.0
21 2.0
22 4.0
23 1.0
24 3.0
25 2.0
26 1.0
27 5.0
28 6.0
29 6.0
30 10.0
31 1.0
32 10.0
33 1.0
34 1.0
35 3.0
36 3.0
37 1.0
38 2.0
39 3.0
40 12.0
41 8.0
42 12.0
43 8.0
44 1.0
45 10.0
46 4.0
47 4.0
48 21
49 3.0
50 6.0
51 2.0
52 5.0
53 4.0
54 4.0
55 2.0
56 5.0
57 2.0
58 2.0
59 7.0
60 2.0
61 2.0
62 5.0
63 3.0
64 4.0
65 5.0
66 4.0
67 13.0
68 1.0
69 21
70 1.0
71 3.0
72 3.0
73 1.0
74 3.0
75 2.0
76 7.0
77 3.0
78 1.0
79 5.0
80 2.0
81 1.0
82 1.0
83 1.0
84 2.0
85 1.0
86 1.0
87 4.0
88 3.0
89 5.0
90 1.0
91 5.0
92 21
93 4.0
94 7.0
95 3.0
96 3.0
97 6.0
98 1.0
99 1.0
100 21
101 12.0
102 8.0
103 5.0
104 1.0
105 7.0
106 1.0
107 1.0
108 4.0
109 2.0
110 1.0
111 21
112 3.0
113 2.0
114 5.0
115 5.0
116 1.0
117 1.0
118 11.0
119 3.0
120 1.0
121 6.0
122 1.0
123 1.0
124 21
125 1.0
126 4.0
127 6.0
128 3.0
129 1.0
130 1.0
131 1.0
132 1.0
133 13.0
134 1.0
135 4.0
136 7.0
137 2.0
138 4.0
139 1.0
140 2.0
141 3.0
142 3.0
143 8.0
144 2.0
145 1.0
146 2.0
147 2.0
148 1.0
149 15.0
150 3.0
151 1.0
152 2.0
153 1.0
154 3.0
155 1.0
156 1.0
157 4.0
158 4.0
159 4.0
160 5.0
161 1.0
162 4.0
163 1.0
164 2.0
165 9.0
166 2.0
167 1.0
168 5.0
169 1.0
170 1.0
171 2.0
172 1.0
173 5.0
174 4.0
175 3.0
176 3.0
177 1.0
178 1.0
179 0.0
180 1.0
181 5.0
182 2.0
183 5.0
184 10.0
185 1.0
186 1.0
187 5.0
188 1.0
189 1.0
190 3.0
191 5.0
192 3.0
193 5.0
194 4.0
195 2.0
196 1.0
197 2.0
198 4.0
199 4.0
200 1.0
201 1.0
202 2.0
203 2.0
204 4.0
205 1.0
206 4.0
207 4.0
208 1.0
209 2.0
210 4.0
211 1.0
212 4.0
213 3.0
214 1.0
215 1.0
216 2.0
217 2.0
218 1.0
219 1.0
220 3.0
221 1.0
222 1.0
223 1.0
224 9.0
225 1.0
226 1.0
227 1.0
228 1.0
229 1.0
230 3.0
231 3.0
232 3.0
233 2.0
234 1.0
235 1.0
236 1.0
237 2.0
238 1.0
239 1.0
240 2.0
241 1.0
242 1.0
243 1.0
244 2.0
245 2.0
246 1.0
247 1.0
248 2.0
249 1.0
250 1.0
251 2.0
252 3.0
253 3.0
254 1.0
255 1.0
256 1.0
257 3.0
258 3.0
259 2.0
260 4.0
261 1.0
262 3.0
263 1.0
264 1.0
265 1.0
266 1.0
267 2.0
268 1.0
269 1.0
270 3.0
271 3.0
272 1.0
273 3.0
274 1.0
275 1.0
276 1.0
277 1.0
278 1.0
279 1.0
280 1.0
281 2.0
282 2.0
283 3.0
284 1.0
285 3.0
286 1.0
287 6.0
288 3.0
289 1.0
290 2.0
291 1.0
292 1.0
293 1.0
294 2.0
295 1.0
296 2.0
297 1.0
298 1.0
299 1.0
300 2.0
301 1.0
302 1.0
303 1.0
304 3.0
305 3.0
306 1.0
307 1.0
308 1.0
309 3.0
310 3.0
311 3.0
312 2.0
313 1.0
314 1.0
315 1.0
316 1.0
317 3.0
318 1.0
319 1.0
320 1.0
321 3.0
322 3.0
323 1.0
324 3.0
325 3.0
326 1.0
327 1.0
328 1.0
329 3.0
330 3.0
331 3.0
332 3.0
333 1.0
334 3.0
335 1.0
336 21
337 1.0
338 3.0
339 1.0
340 1.0
341 2.0
342 7.0
343 3.0
344 4.0
345 2.0
346 0.0
347 0.0
348 4.0
349 1.0
350 2.0
351 1.0
352 1.0
353 1.0
354 1.0
355 2.0
356 21
357 0.0
358 1.0
359 1.0
360 1.0
361 1.0
362 3.0
363 1.0
364 1.0
365 1.0
366 1.0
367 2.0
368 2.0
369 1.0
370 2.0
371 3.0
372 2.0
373 1.0
374 10.0
375 1.0
376 2.0
377 1.0
378 1.0
379 3.0
380 1.0
381 2.0
382 1.0
383 1.0
384 3.0
385 1.0
386 5.0
387 6.0
388 1.0
389 2.0
390 1.0
391 1.0
392 1.0
393 1.0
394 5.0
395 2.0
396 0.0
397 3.0
398 1.0
399 10.0
400 0.0
401 1.0
402 5.0
403 21
404 1.0
405 1.0
406 1.0
407 1.0
408 1.0
409 10.0
410 1.0
411 6.0
412 1.0
413 2.0
414 1.0
415 5.0
416 1.0
417 1.0
418 1.0
419 1.0
420 1.0
421 6.0
422 1.0
423 1.0
424 2.0
425 6.0
426 2.0
427 2.0
428 2.0
429 1.0
430 1.0
431 1.0
432 21
433 3.0
434 1.0
435 7.0
436 3.0
437 2.0
438 2.0
439 1.0
440 6.0
441 1.0
442 1.0
443 2.0
444 1.0
445 4.0
446 1.0
447 1.0
448 1.0
449 2.0
450 1.0
451 1.0
452 1.0
453 2.0
454 1.0
455 1.0
456 4.0
457 4.0
458 2.0
459 4.0
460 1.0
461 2.0
462 1.0
463 1.0
464 5.0
465 1.0
466 1.0
467 1.0
468 1.0
469 1.0
470 5.0
471 5.0
472 6.0
473 5.0
474 2.0
475 1.0
476 1.0
477 2.0
478 1.0
479 1.0
480 3.0
481 1.0
482 1.0
483 1.0
484 1.0
485 17.0
486 1.0
487 1.0
488 1.0
489 1.0
490 1.0
491 3.0
492 1.0
493 1.0
494 5.0
495 1.0
496 1.0
497 1.0
498 1.0
499 1.0
500 1.0
501 2.0
502 0.0
503 1.0
504 1.0
505 1.0
506 4.0
507 2.0
508 4.0
509 2.0
510 2.0
511 4.0
512 21
513 9.0
514 1.0
515 9.0
516 1.0
517 5.0
518 8.0
519 3.0
520 4.0
521 3.0
522 1.0
523 1.0
524 3.0
525 3.0
526 7.0
527 1.0
528 1.0
529 4.0
530 2.0
531 4.0
532 3.0
533 2.0
534 8.0
535 4.0
536 1.0
537 6.0
538 4.0
539 3.0
540 1.0
541 2.0
542 2.0
543 2.0
544 19.0
545 1.0
546 4.0
547 1.0
548 1.0
549 5.0
550 3.0
551 5.0
552 1.0
553 1.0
554 4.0
555 2.0
556 5.0
557 3.0
558 6.0
559 2.0
560 4.0
561 3.0
562 6.0
563 3.0
564 1.0
565 2.0
566 1.0
567 6.0
568 4.0
569 2.0
570 2.0
571 2.0
572 1.0
573 2.0
574 1.0
575 2.0
576 1.0
577 2.0
578 1.0
579 1.0
580 3.0
581 1.0
582 1.0
583 5.0
584 7.0
585 1.0
586 5.0
587 1.0
588 2.0
589 1.0
590 1.0
591 2.0
592 4.0
593 1.0
594 1.0
595 3.0
596 2.0
597 2.0
598 1.0
599 2.0
600 1.0
601 2.0
602 4.0
603 5.0
604 1.0
605 21
606 1.0
607 1.0
608 1.0
609 1.0
610 8.0
611 2.0
612 1.0
613 1.0
614 1.0
615 1.0
616 1.0
617 7.0
618 1.0
619 3.0
620 2.0
621 7.0
622 2.0
623 1.0
624 2.0
625 2.0
626 7.0
627 1.0
628 1.0
629 2.0
630 8.0
631 3.0
632 5.0
633 12.0
634 1.0
635 7.0
636 1.0
637 2.0
638 2.0
639 3.0
640 1.0
641 1.0
642 6.0
643 1.0
644 1.0
645 2.0
646 2.0
647 1.0
648 2.0
649 2.0
650 3.0
651 1.0
652 6.0
653 4.0
654 1.0
655 1.0
656 5.0
657 1.0
658 2.0
659 5.0
660 5.0
661 2.0
662 3.0
663 1.0
664 2.0
665 2.0
666 2.0
667 2.0
668 1.0
669 2.0
670 3.0
671 1.0
672 1.0
673 4.0
674 1.0
675 2.0
676 2.0
677 2.0
678 2.0
679 3.0
680 1.0
681 1.0
682 2.0
683 2.0
684 6.0
685 1.0
686 2.0
687 1.0
688 7.0
689 8.0
690 6.0
691 3.0
692 1.0
693 3.0
694 1.0
695 18.0
696 1.0
697 1.0
698 2.0
699 3.0
700 0.0
701 1.0
702 1.0
703 1.0
704 1.0
705 3.0
706 5.0
707 3.0
708 1.0
709 2.0
710 10.0
711 2.0
712 2.0
713 1.0
714 6.0
715 1.0
716 5.0
717 5.0
718 1.0
719 1.0
720 7.0
721 2.0
722 2.0
723 2.0
724 2.0
725 2.0
726 1.0
727 1.0
728 4.0
729 1.0
730 10.0
731 12.0
732 4.0
733 3.0
734 1.0
735 1.0
736 1.0
737 1.0
738 1.0
739 2.0
740 7.0
741 1.0
742 1.0
743 0.0
744 1.0
745 4.0
746 1.0
747 1.0
748 2.0
749 4.0
750 5.0
751 5.0
752 1.0
753 1.0
754 2.0
755 1.0
756 1.0
757 2.0
758 6.0
759 20.0
760 1.0
761 2.0
762 2.0
763 2.0
764 1.0
765 1.0
766 1.0
767 2.0
768 2.0
769 6.0
770 8.0
771 4.0
772 1.0
773 1.0
774 1.0
775 1.0
776 5.0
777 5.0
778 1.0
779 5.0
780 4.0
781 1.0
782 11.0
783 5.0
784 3.0
785 2.0
786 2.0
787 2.0
788 2.0
789 2.0
790 6.0
791 1.0
792 8.0
793 1.0
794 1.0
795 1.0
796 3.0
797 3.0
798 9.0
799 5.0
800 4.0
801 2.0
802 2.0
803 5.0
804 1.0
805 11.0
806 1.0
807 3.0
808 5.0
809 2.0
810 1.0
811 4.0
812 6.0
813 3.0
814 1.0
815 4.0
816 1.0
817 9.0
818 1.0
819 2.0
820 2.0
821 2.0
822 2.0
823 2.0
824 3.0
825 5.0
826 1.0
827 1.0
828 1.0
829 2.0
830 1.0
831 2.0
832 5.0
833 14.0
834 4.0
835 1.0
836 2.0
837 1.0
838 2.0
839 1.0
840 2.0
841 1.0
842 2.0
843 1.0
844 4.0
845 2.0
846 2.0
847 2.0
848 4.0
849 1.0
850 1.0
851 3.0
852 5.0
853 3.0
854 13.0
855 1.0
856 4.0
857 1.0
858 3.0
859 1.0
860 3.0
861 1.0
862 1.0
863 3.0
864 2.0
865 3.0
866 5.0
867 9.0
868 9.0
869 2.0
870 5.0
871 1.0
872 2.0
873 4.0
874 3.0
875 1.0
876 2.0
877 3.0
878 4.0
879 1.0
880 4.0
881 7.0
882 11.0
883 4.0
884 21
885 6.0
886 4.0
887 5.0
888 1.0
889 4.0
890 6.0
891 1.0
892 1.0
893 6.0
894 1.0
895 1.0
896 1.0
897 7.0
898 3.0
899 1.0
900 0.0
901 4.0
902 1.0
903 1.0
904 1.0
905 2.0
906 2.0
907 10.0
908 4.0
909 1.0
910 2.0
911 1.0
912 1.0
913 4.0
914 1.0
915 1.0
916 6.0
917 3.0
918 2.0
919 2.0
920 2.0
921 1.0
922 3.0
923 2.0
924 7.0
925 2.0
926 1.0
927 2.0
928 3.0
929 1.0
930 2.0
931 1.0
932 1.0
933 1.0
934 2.0
935 3.0
936 5.0
937 1.0
938 2.0
939 3.0
940 1.0
941 2.0
942 2.0
943 2.0
944 2.0
945 2.0
946 2.0
947 4.0
948 1.0
949 2.0
950 9.0
951 1.0
952 2.0
953 3.0
954 1.0
955 2.0
956 4.0
957 1.0
958 1.0
959 3.0
960 1.0
961 1.0
962 1.0
963 4.0
964 2.0
965 1.0
966 1.0
967 7.0
968 6.0
969 1.0
970 2.0
971 7.0
972 2.0
973 1.0
974 4.0
975 1.0
976 1.0
977 1.0
978 1.0
979 12.0
980 21
981 1.0
982 0.0
983 2.0
984 1.0
985 1.0
986 1.0
987 1.0
988 1.0
989 1.0
990 1.0
991 1.0
992 3.0
993 1.0
994 1.0
995 1.0
996 1.0
997 2.0
998 5.0
999 2.0
1000 5.0
1001 4.0
1002 1.0
1003 1.0
1004 21
1005 4.0
1006 1.0
1007 4.0
1008 4.0
1009 1.0
1010 1.0
1011 4.0
1012 3.0
1013 3.0
1014 1.0
1015 3.0
1016 1.0
1017 2.0
1018 3.0
1019 7.0
1020 1.0
1021 2.0
1022 6.0
1023 2.0
1024 3.0
1025 2.0
1026 1.0
1027 4.0
1028 1.0
1029 1.0
1030 1.0
1031 2.0
1032 5.0
1033 2.0
1034 2.0
1035 1.0
1036 1.0
1037 2.0
1038 5.0
1039 1.0
1040 2.0
1041 5.0
1042 1.0
1043 1.0
1044 2.0
1045 3.0
1046 1.0
1047 1.0
1048 2.0
1049 1.0
1050 1.0
1051 1.0
1052 1.0
1053 2.0
1054 4.0
1055 7.0
1056 1.0
1057 1.0
1058 2.0
1059 5.0
1060 1.0
1061 1.0
1062 1.0
1063 1.0
1064 1.0
1065 2.0
1066 5.0
1067 1.0
1068 4.0
1069 1.0
1070 4.0
1071 2.0
1072 3.0
1073 2.0
1074 4.0
1075 3.0
1076 1.0
1077 2.0
1078 1.0
1079 3.0
1080 5.0
1081 3.0
1082 1.0
1083 5.0
1084 3.0
1085 1.0
1086 2.0
1087 5.0
1088 1.0
1089 5.0
1090 21
1091 3.0
1092 1.0
1093 5.0
1094 5.0
1095 5.0
1096 6.0
1097 1.0
1098 1.0
1099 3.0
1100 4.0
1101 1.0
1102 2.0
1103 2.0
1104 1.0
1105 2.0
1106 1.0
1107 2.0
1108 3.0
1109 3.0
1110 2.0
1111 1.0
1112 0.0
1113 2.0
1114 2.0
1115 1.0
1116 1.0
1117 4.0
1118 6.0
1119 9.0
1120 1.0
1121 1.0
1122 5.0
1123 2.0
1124 4.0
1125 1.0
1126 4.0
1127 2.0
1128 2.0
1129 2.0
1130 6.0
1131 3.0
1132 3.0
1133 2.0
1134 3.0
1135 1.0
1136 8.0
1137 4.0
1138 3.0
1139 2.0
1140 3.0
1141 2.0
1142 3.0
1143 3.0
1144 1.0
1145 1.0
1146 2.0
1147 2.0
1148 1.0
1149 1.0
1150 2.0
1151 4.0
1152 5.0
1153 6.0
1154 1.0
1155 3.0
1156 8.0
1157 5.0
1158 3.0
1159 4.0
1160 1.0
1161 1.0
1162 1.0
1163 10.0
1164 4.0
1165 2.0
1166 6.0
1167 1.0
1168 3.0
1169 3.0
1170 4.0
1171 1.0
1172 1.0
1173 1.0
1174 3.0
1175 21
1176 1.0
1177 2.0
1178 6.0
1179 1.0
1180 1.0
1181 1.0
1182 2.0
1183 1.0
1184 1.0
1185 2.0
1186 4.0
1187 2.0
1188 4.0
1189 1.0
1190 1.0
1191 2.0
1192 3.0
1193 2.0
1194 7.0
1195 3.0
1196 2.0
1197 1.0
1198 1.0
1199 1.0
1200 4.0
1201 1.0
1202 2.0
1203 4.0
1204 3.0
1205 4.0
1206 3.0
1207 1.0
1208 1.0
1209 2.0
1210 4.0
1211 3.0
1212 1.0
1213 2.0
1214 1.0
1215 1.0
1216 2.0
1217 1.0
1218 7.0
1219 1.0
1220 5.0
1221 1.0
1222 5.0
1223 1.0
1224 1.0
1225 2.0
1226 1.0
1227 1.0
1228 5.0
1229 1.0
1230 6.0
1231 1.0
1232 5.0
1233 3.0
1234 6.0
1235 1.0
1236 4.0
1237 1.0
1238 2.0
1239 2.0
1240 3.0
1241 1.0
1242 2.0
1243 0.0
1244 1.0
1245 1.0
1246 1.0
1247 5.0
1248 1.0
1249 5.0
1250 3.0
1251 1.0
1252 5.0
1253 1.0
1254 1.0
1255 1.0
1256 1.0
1257 1.0
1258 1.0
1259 1.0
1260 6.0
1261 1.0
1262 6.0
1263 1.0
1264 4.0
1265 3.0
1266 9.0
1267 4.0
1268 3.0
1269 2.0
1270 3.0
1271 1.0
1272 1.0
1273 2.0
1274 3.0
1275 2.0
1276 2.0
1277 1.0
1278 2.0
1279 2.0
1280 1.0
1281 2.0
1282 2.0
1283 1.0
1284 1.0
1285 9.0
1286 4.0
1287 2.0
1288 4.0
1289 2.0
1290 1.0
1291 1.0
1292 2.0
1293 2.0
1294 3.0
1295 2.0
1296 4.0
1297 5.0
1298 4.0
1299 2.0
1300 1.0
1301 7.0
1302 2.0
1303 2.0
1304 1.0
1305 1.0
1306 1.0
1307 11.0
1308 2.0
1309 1.0
1310 3.0
1311 9.0
1312 2.0
1313 4.0
1314 1.0
1315 6.0
1316 4.0
1317 1.0
1318 3.0
1319 3.0
1320 2.0
1321 6.0
1322 7.0
1323 1.0
1324 2.0
1325 2.0
1326 1.0
1327 2.0
1328 6.0
1329 6.0
1330 2.0
1331 9.0
1332 2.0
1333 5.0
1334 6.0
1335 1.0
1336 1.0
1337 1.0
1338 2.0
1339 8.0
1340 3.0
1341 1.0
1342 1.0
1343 1.0
1344 1.0
1345 11.0
1346 1.0
1347 1.0
1348 1.0
1349 1.0
1350 6.0
1351 1.0
1352 1.0
1353 1.0
1354 2.0
1355 1.0
1356 1.0
1357 3.0
1358 5.0
1359 5.0
1360 3.0
1361 4.0
1362 1.0
1363 1.0
1364 1.0
1365 3.0
1366 2.0
1367 8.0
1368 1.0
1369 4.0
1370 1.0
1371 1.0
1372 1.0
1373 6.0
1374 2.0
1375 2.0
1376 1.0
1377 1.0
1378 5.0
1379 3.0
1380 4.0
1381 6.0
1382 1.0
1383 2.0
1384 3.0
1385 1.0
1386 1.0
1387 1.0
1388 1.0
1389 4.0
1390 15.0
1391 4.0
1392 1.0
1393 1.0
1394 2.0
1395 1.0
1396 1.0
1397 2.0
1398 2.0
1399 6.0
1400 3.0
1401 6.0
1402 6.0
1403 8.0
1404 2.0
1405 1.0
1406 7.0
1407 3.0
1408 1.0
1409 3.0
1410 4.0
1411 7.0
1412 2.0
1413 1.0
1414 1.0
1415 4.0
1416 3.0
1417 2.0
1418 3.0
1419 5.0
1420 1.0
1421 1.0
1422 3.0
1423 2.0
1424 5.0
1425 7.0
1426 3.0
1427 2.0
1428 3.0
1429 5.0
1430 1.0
1431 1.0
1432 1.0
1433 7.0
1434 8.0
1435 2.0
1436 1.0
1437 3.0
1438 1.0
1439 6.0
1440 6.0
1441 3.0
1442 6.0
1443 1.0
1444 1.0
1445 2.0
1446 2.0
1447 6.0
1448 1.0
1449 1.0
1450 1.0
1451 1.0
1452 2.0
1453 2.0
1454 2.0
1455 1.0
1456 4.0
1457 1.0
1458 1.0
1459 2.0
1460 5.0
1461 1.0
1462 9.0
1463 21
1464 2.0
1465 4.0
1466 1.0
1467 6.0
1468 1.0
1469 1.0
1470 1.0
1471 1.0
1472 2.0
1473 5.0
1474 7.0
1475 1.0
1476 2.0
1477 1.0
1478 2.0
1479 1.0
1480 2.0
1481 2.0
1482 3.0
1483 3.0
1484 1.0
1485 1.0
1486 4.0
1487 2.0
1488 2.0
1489 1.0
1490 5.0
1491 5.0
1492 7.0
1493 2.0
1494 3.0
1495 2.0
1496 4.0
1497 6.0
1498 2.0
1499 6.0
1500 4.0
1501 2.0
1502 1.0
1503 1.0
1504 1.0
1505 3.0
1506 2.0
1507 6.0
1508 2.0
1509 1.0
1510 19.0
1511 14.0
1512 1.0
1513 3.0
1514 3.0
1515 5.0
1516 1.0
1517 2.0
1518 4.0
1519 6.0
1520 2.0
1521 3.0
1522 1.0
1523 2.0
1524 7.0
1525 4.0
1526 2.0
1527 5.0
1528 7.0
1529 7.0
1530 2.0
1531 4.0
1532 1.0
1533 2.0
1534 1.0
1535 3.0
1536 6.0
1537 2.0
1538 9.0
1539 10.0
1540 3.0
1541 3.0
1542 5.0
1543 2.0
1544 1.0
1545 6.0
1546 9.0
1547 5.0
1548 1.0
1549 2.0
1550 3.0
1551 7.0
1552 1.0
1553 6.0
1554 1.0
1555 1.0
1556 2.0
1557 2.0
1558 5.0
1559 6.0
1560 2.0
1561 1.0
1562 1.0
1563 1.0
1564 0.0
1565 1.0
1566 1.0
1567 1.0
1568 2.0
1569 4.0
1570 1.0
1571 7.0
1572 7.0
1573 5.0
1574 4.0
1575 5.0
1576 2.0
1577 4.0
1578 6.0
1579 1.0
1580 9.0
1581 5.0
1582 1.0
1583 1.0
1584 6.0
1585 5.0
1586 5.0
1587 1.0
1588 12.0
1589 1.0
1590 10.0
1591 4.0
1592 1.0
1593 3.0
1594 3.0
1595 7.0
1596 2.0
1597 5.0
1598 4.0
1599 2.0
1600 2.0
1601 2.0
1602 2.0
1603 1.0
1604 2.0
1605 2.0
1606 0.0
1607 4.0
1608 1.0
1609 3.0
1610 1.0
1611 2.0
1612 1.0
1613 6.0
1614 1.0
1615 5.0
1616 2.0
1617 4.0
1618 4.0
1619 8.0
1620 21
1621 4.0
1622 3.0
1623 3.0
1624 3.0
1625 1.0
1626 2.0
1627 5.0
1628 1.0
1629 2.0
1630 2.0
1631 6.0
1632 1.0
1633 4.0
1634 1.0
1635 2.0
1636 6.0
1637 7.0
1638 4.0
1639 7.0
1640 1.0
1641 1.0
1642 1.0
1643 5.0
1644 2.0
1645 2.0
1646 4.0
1647 2.0
1648 1.0
1649 7.0
1650 7.0
1651 2.0
1652 1.0
1653 3.0
1654 3.0
1655 2.0
1656 2.0
1657 6.0
1658 5.0
1659 3.0
1660 2.0
1661 5.0
1662 5.0
1663 1.0
1664 3.0
1665 1.0
1666 3.0
1667 1.0
1668 6.0
1669 1.0
1670 8.0
1671 2.0
1672 2.0
1673 2.0
1674 3.0
1675 1.0
1676 11.0
1677 2.0
1678 2.0
1679 1.0
1680 1.0
1681 1.0
1682 1.0
1683 1.0
1684 5.0
1685 2.0
1686 1.0
1687 3.0
1688 3.0
1689 1.0
1690 1.0
1691 7.0
1692 1.0
1693 1.0
1694 7.0
1695 7.0
1696 1.0
1697 2.0
1698 1.0
1699 3.0
1700 6.0
1701 7.0
1702 5.0
1703 6.0
1704 1.0
1705 6.0
1706 6.0
1707 6.0
1708 1.0
1709 7.0
1710 4.0
1711 2.0
1712 5.0
1713 8.0
1714 2.0
1715 5.0
1716 5.0
1717 3.0
1718 2.0
1719 1.0
1720 4.0
1721 3.0
1722 3.0
1723 1.0
1724 2.0
1725 4.0
1726 3.0
1727 3.0
1728 1.0
1729 0.0
1730 6.0
1731 7.0
1732 5.0
1733 4.0
1734 4.0
1735 2.0
1736 5.0
1737 1.0
1738 5.0
1739 2.0
1740 4.0
1741 4.0
1742 1.0
1743 5.0
1744 1.0
1745 1.0
1746 4.0
1747 1.0
1748 6.0
1749 3.0
1750 7.0
1751 2.0
1752 5.0
1753 1.0
1754 2.0
1755 2.0
1756 6.0
1757 6.0
1758 3.0
1759 4.0
1760 6.0
1761 2.0
1762 5.0
1763 1.0
1764 6.0
1765 1.0
1766 1.0
1767 2.0
1768 1.0
1769 3.0
1770 3.0
1771 2.0
1772 1.0
1773 4.0
1774 5.0
1775 1.0
1776 1.0
1777 2.0
1778 9.0
1779 6.0
1780 6.0
1781 5.0
1782 1.0
1783 2.0
1784 2.0
1785 1.0
1786 2.0
1787 3.0
1788 1.0
1789 2.0
1790 3.0
1791 2.0
1792 7.0
1793 1.0
1794 2.0
1795 2.0
1796 2.0
1797 7.0
1798 6.0
1799 6.0
1800 1.0
1801 6.0
1802 2.0
1803 3.0
1804 1.0
1805 9.0
1806 7.0
1807 7.0
1808 1.0
1809 3.0
1810 6.0
1811 6.0
1812 0.0
1813 3.0
1814 1.0
1815 6.0
1816 6.0
1817 7.0
1818 6.0
1819 6.0
1820 5.0
1821 5.0
1822 1.0
1823 5.0
1824 2.0
1825 5.0
1826 1.0
1827 7.0
1828 3.0
1829 2.0
1830 13.0
1831 1.0
1832 2.0
1833 2.0
1834 3.0
1835 4.0
1836 1.0
1837 1.0
1838 6.0
1839 1.0
1840 3.0
1841 4.0
1842 8.0
1843 3.0
1844 1.0
1845 2.0
1846 2.0
1847 6.0
1848 3.0
1849 6.0
1850 1.0
1851 21
1852 4.0
1853 2.0
1854 2.0
1855 1.0
1856 4.0
1857 1.0
1858 2.0
1859 2.0
1860 1.0
1861 6.0
1862 5.0
1863 5.0
1864 5.0
1865 6.0
1866 1.0
1867 1.0
1868 3.0
1869 3.0
1870 1.0
1871 7.0
1872 1.0
1873 1.0
1874 4.0
1875 1.0
1876 1.0
1877 1.0
1878 9.0
1879 2.0
1880 1.0
1881 2.0
1882 5.0
1883 1.0
1884 21
1885 3.0
1886 1.0
1887 8.0
1888 1.0
1889 3.0
1890 6.0
1891 2.0
1892 5.0
1893 3.0
1894 6.0
1895 2.0
1896 2.0
1897 8.0
1898 5.0
1899 2.0
1900 1.0
1901 1.0
1902 6.0
1903 1.0
1904 7.0
1905 11.0
1906 8.0
1907 13.0
1908 6.0
1909 3.0
1910 1.0
1911 1.0
1912 2.0
1913 2.0
1914 1.0
1915 1.0
1916 1.0
1917 4.0
1918 1.0
1919 1.0
1920 2.0
1921 17.0
1922 6.0
1923 1.0
1924 6.0
1925 1.0
1926 4.0
1927 2.0
1928 4.0
1929 1.0
1930 12.0
1931 6.0
1932 2.0
1933 1.0
1934 1.0
1935 4.0
1936 3.0
1937 1.0
1938 8.0
1939 5.0
1940 4.0
1941 1.0
1942 5.0
1943 1.0
1944 1.0
1945 6.0
1946 1.0
1947 2.0
1948 2.0
1949 1.0
1950 6.0
1951 1.0
1952 5.0
1953 7.0
1954 6.0
1955 1.0
1956 1.0
1957 1.0
1958 5.0
1959 6.0
1960 6.0
1961 2.0
1962 5.0
1963 2.0
1964 1.0
1965 7.0
1966 2.0
1967 4.0
1968 1.0
1969 1.0
1970 1.0
1971 7.0
1972 1.0
1973 1.0
1974 1.0
1975 1.0
1976 1.0
1977 3.0
1978 8.0
1979 1.0
1980 1.0
1981 6.0
1982 3.0
1983 11.0
1984 1.0
1985 1.0
1986 2.0
1987 2.0
1988 14.0
1989 1.0
1990 3.0
1991 3.0
1992 3.0
1993 1.0
1994 1.0
1995 4.0
1996 1.0
1997 3.0
1998 1.0
1999 6.0
2000 1.0
2001 1.0
2002 2.0
2003 2.0
2004 4.0
2005 2.0
2006 4.0
2007 1.0
2008 14.0
2009 1.0
2010 4.0
2011 4.0
2012 1.0
2013 5.0
2014 6.0
2015 3.0
2016 1.0
2017 4.0
2018 3.0
2019 8.0
2020 2.0
2021 1.0
2022 4.0
2023 2.0
2024 1.0
2025 3.0
2026 1.0
2027 2.0
2028 1.0
2029 10.0
2030 4.0
2031 1.0
2032 6.0
2033 1.0
2034 4.0
2035 7.0
2036 1.0
2037 1.0
2038 6.0
2039 6.0
2040 6.0
2041 2.0
2042 2.0
2043 1.0
2044 3.0
2045 2.0
2046 2.0
2047 3.0
2048 5.0
2049 3.0
2050 1.0
2051 2.0
2052 3.0
2053 1.0
2054 5.0
2055 2.0
2056 3.0
2057 3.0
2058 1.0
2059 1.0
2060 4.0
2061 1.0
2062 6.0
2063 1.0
2064 1.0
2065 1.0
2066 2.0
2067 2.0
2068 8.0
2069 1.0
2070 4.0
2071 4.0
2072 2.0
2073 2.0
2074 2.0
2075 1.0
2076 7.0
2077 2.0
2078 4.0
2079 4.0
2080 2.0
2081 2.0
2082 2.0
2083 5.0
2084 2.0
2085 1.0
2086 1.0
2087 2.0
2088 3.0
2089 4.0
2090 3.0
2091 2.0
2092 4.0
2093 1.0
2094 3.0
2095 6.0
2096 6.0
2097 5.0
2098 5.0
2099 1.0
2100 5.0
2101 1.0
2102 3.0
2103 7.0
2104 2.0
2105 1.0
2106 3.0
2107 1.0
2108 1.0
2109 1.0
2110 1.0
2111 2.0
2112 8.0
2113 19.0
2114 2.0
2115 2.0
2116 2.0
2117 2.0
2118 2.0
2119 1.0
2120 2.0
2121 7.0
2122 1.0
2123 2.0
2124 7.0
2125 4.0
2126 5.0
2127 2.0
2128 3.0
2129 2.0
2130 1.0
2131 1.0
2132 4.0
2133 9.0
2134 6.0
2135 12.0
2136 1.0
2137 2.0
2138 1.0
2139 2.0
2140 2.0
2141 2.0
2142 1.0
2143 2.0
2144 3.0
2145 4.0
2146 2.0
2147 3.0
2148 5.0
2149 2.0
2150 2.0
2151 3.0
2152 2.0
2153 2.0
2154 1.0
2155 2.0
2156 1.0
2157 1.0
2158 3.0
2159 2.0
2160 3.0
2161 1.0
2162 2.0
2163 3.0
2164 1.0
2165 1.0
2166 1.0
2167 1.0
2168 1.0
2169 2.0
2170 7.0
2171 1.0
2172 3.0
2173 1.0
2174 5.0
2175 6.0
2176 7.0
2177 2.0
2178 1.0
2179 6.0
2180 1.0
2181 1.0
2182 5.0
2183 0.0
2184 1.0
2185 1.0
2186 3.0
2187 2.0
2188 2.0
2189 2.0
2190 3.0
2191 1.0
2192 5.0
2193 4.0
2194 3.0
2195 1.0
2196 2.0
2197 1.0
2198 8.0
2199 8.0
2200 1.0
2201 1.0
2202 5.0
2203 1.0
2204 4.0
2205 1.0
2206 1.0
2207 1.0
2208 2.0
2209 4.0
2210 1.0
2211 1.0
2212 5.0
2213 7.0
2214 12.0
2215 2.0
2216 6.0
2217 1.0
2218 1.0
2219 2.0
2220 6.0
2221 1.0
2222 1.0
2223 7.0
2224 5.0
2225 1.0
2226 2.0
2227 1.0
2228 1.0
2229 4.0
2230 5.0
2231 1.0
2232 4.0
2233 2.0
2234 1.0
2235 2.0
2236 2.0
2237 2.0
2238 1.0
2239 1.0
2240 6.0
2241 2.0
2242 3.0
2243 1.0
2244 1.0
2245 2.0
2246 1.0
2247 1.0
2248 3.0
2249 5.0
2250 1.0
2251 4.0
2252 2.0
2253 1.0
2254 7.0
2255 1.0
2256 4.0
2257 4.0
2258 1.0
2259 2.0
2260 2.0
2261 8.0
2262 11.0
2263 2.0
2264 2.0
2265 9.0
2266 7.0
2267 1.0
2268 9.0
2269 4.0
2270 1.0
2271 14.0
2272 21
2273 1.0
2274 2.0
2275 2.0
2276 2.0
2277 2.0
2278 2.0
2279 2.0
2280 2.0
2281 2.0
2282 2.0
2283 2.0
2284 2.0
2285 2.0
2286 2.0
2287 2.0
2288 2.0
2289 1.0
2290 2.0
2291 1.0
2292 6.0
2293 5.0
2294 3.0
2295 6.0
2296 1.0
2297 1.0
2298 8.0
2299 2.0
2300 5.0
2301 2.0
2302 2.0
2303 2.0
2304 2.0
2305 2.0
2306 2.0
2307 2.0
2308 2.0
2309 2.0
2310 2.0
2311 2.0
2312 1.0
2313 2.0
2314 5.0
2315 21
2316 9.0
2317 7.0
2318 6.0
2319 9.0
2320 1.0
2321 6.0
2322 6.0
2323 2.0
2324 1.0
2325 1.0
2326 1.0
2327 1.0
2328 4.0
2329 6.0
2330 6.0
2331 13.0
2332 3.0
2333 9.0
2334 2.0
2335 1.0
2336 2.0
2337 4.0
2338 1.0
2339 2.0
2340 1.0
2341 1.0
2342 1.0
2343 1.0
2344 2.0
2345 6.0
2346 1.0
2347 3.0
2348 1.0
2349 2.0
2350 6.0
2351 3.0
2352 3.0
2353 1.0
2354 2.0
2355 4.0
2356 1.0
2357 13.0
2358 1.0
2359 4.0
2360 3.0
2361 3.0
2362 1.0
2363 1.0
2364 3.0
2365 1.0
2366 1.0
2367 3.0
2368 2.0
2369 1.0
2370 1.0
2371 2.0
2372 5.0
2373 6.0
2374 2.0
2375 8.0
2376 3.0
2377 1.0
2378 8.0
2379 1.0
2380 1.0
2381 6.0
2382 4.0
2383 3.0
2384 3.0
2385 7.0
2386 1.0
2387 3.0
2388 5.0
2389 1.0
2390 3.0
2391 2.0
2392 1.0
2393 2.0
2394 1.0
2395 4.0
2396 1.0
2397 1.0
2398 4.0
2399 1.0
2400 3.0
2401 1.0
2402 2.0
2403 4.0
2404 2.0
2405 7.0
2406 3.0
2407 6.0
2408 1.0
2409 7.0
2410 2.0
2411 1.0
2412 15.0
2413 6.0
2414 2.0
2415 2.0
2416 7.0
2417 1.0
2418 2.0
2419 1.0
2420 1.0
2421 2.0
2422 1.0
2423 1.0
2424 1.0
2425 2.0
2426 21
2427 1.0
2428 2.0
2429 4.0
2430 3.0
2431 3.0
2432 1.0
2433 4.0
2434 1.0
2435 1.0
2436 2.0
2437 6.0
2438 1.0
2439 1.0
2440 1.0
2441 3.0
2442 1.0
2443 10.0
2444 4.0
2445 8.0
2446 1.0
2447 1.0
2448 2.0
2449 1.0
2450 6.0
2451 1.0
2452 2.0
2453 1.0
2454 9.0
2455 1.0
2456 6.0
2457 7.0
2458 4.0
2459 1.0
2460 8.0
2461 1.0
2462 2.0
2463 12.0
2464 1.0
2465 2.0
2466 6.0
2467 4.0
2468 6.0
2469 6.0
2470 5.0
2471 4.0
2472 5.0
2473 6.0
2474 6.0
2475 1.0
2476 3.0
2477 8.0
2478 7.0
2479 1.0
2480 6.0
2481 2.0
2482 6.0
2483 2.0
2484 3.0
2485 3.0
2486 2.0
2487 5.0
2488 1.0
2489 9.0
2490 1.0
2491 1.0
2492 1.0
2493 1.0
2494 3.0
2495 1.0
2496 3.0
2497 5.0
2498 1.0
2499 3.0
2500 1.0
2501 4.0
2502 3.0
2503 1.0
2504 1.0
2505 1.0
2506 1.0
2507 2.0
2508 1.0
2509 1.0
2510 1.0
2511 1.0
2512 4.0
2513 3.0
2514 1.0
2515 3.0
2516 1.0
2517 1.0
2518 1.0
2519 1.0
2520 1.0
2521 3.0
2522 1.0
2523 6.0
2524 2.0
2525 3.0
2526 0.0
2527 1.0
2528 1.0
2529 1.0
2530 1.0
2531 1.0
2532 1.0
2533 1.0
2534 1.0
2535 2.0
2536 1.0
2537 1.0
2538 6.0
2539 4.0
2540 5.0
2541 5.0
2542 5.0
2543 1.0
2544 7.0
2545 2.0
2546 1.0
2547 1.0
2548 3.0
2549 1.0
2550 5.0
2551 1.0
2552 2.0
2553 2.0
2554 1.0
2555 4.0
2556 1.0
2557 2.0
2558 1.0
2559 2.0
2560 1.0
2561 1.0
2562 1.0
2563 3.0
2564 1.0
2565 5.0
2566 4.0
2567 1.0
2568 4.0
2569 1.0
2570 5.0
2571 6.0
2572 6.0
2573 2.0
2574 1.0
2575 1.0
2576 1.0
2577 1.0
2578 4.0
2579 2.0
2580 0.0
2581 2.0
2582 2.0
2583 21
2584 2.0
2585 6.0
2586 1.0
2587 1.0
2588 1.0
2589 1.0
2590 17.0
2591 4.0
2592 1.0
2593 1.0
2594 4.0
2595 1.0
2596 1.0
2597 3.0
2598 1.0
2599 2.0
2600 2.0
2601 1.0
2602 1.0
2603 2.0
2604 2.0
2605 2.0
2606 2.0
2607 2.0
2608 2.0
2609 2.0
2610 2.0
2611 2.0
2612 2.0
2613 2.0
2614 2.0
2615 2.0
2616 2.0
2617 2.0
2618 2.0
2619 2.0
2620 2.0
2621 2.0
2622 7.0
2623 2.0
2624 5.0
2625 2.0
2626 3.0
2627 1.0
2628 6.0
2629 2.0
2630 2.0
2631 2.0
2632 1.0
2633 1.0
2634 1.0
2635 1.0
2636 4.0
2637 1.0
2638 7.0
2639 1.0
2640 3.0
2641 3.0
2642 2.0
2643 1.0
2644 5.0
2645 6.0
2646 1.0
2647 1.0
2648 6.0
2649 1.0
2650 2.0
2651 6.0
2652 1.0
2653 4.0
2654 7.0
2655 1.0
2656 6.0
2657 1.0
2658 5.0
2659 1.0
2660 5.0
2661 2.0
2662 21
2663 3.0
2664 6.0
2665 4.0
2666 1.0
2667 1.0
2668 3.0
2669 4.0
2670 2.0
2671 2.0
2672 1.0
2673 1.0
2674 5.0
2675 2.0
2676 4.0
2677 1.0
2678 1.0
2679 1.0
2680 1.0
2681 5.0
2682 0.0
2683 3.0
2684 1.0
2685 3.0
2686 4.0
2687 1.0
2688 7.0
2689 3.0
2690 4.0
2691 2.0
2692 2.0
2693 4.0
2694 6.0
2695 1.0
2696 6.0
2697 2.0
2698 4.0
2699 5.0
2700 6.0
2701 1.0
2702 4.0
2703 2.0
2704 3.0
2705 1.0
2706 14.0
2707 6.0
2708 5.0
2709 1.0
2710 1.0
2711 2.0
2712 3.0
2713 0.0
2714 6.0
2715 3.0
2716 2.0
2717 1.0
2718 1.0
2719 2.0
2720 1.0
2721 1.0
2722 2.0
2723 1.0
2724 2.0
2725 1.0
2726 1.0
2727 2.0
2728 3.0
2729 2.0
2730 1.0
2731 2.0
2732 1.0
2733 1.0
2734 0.0
2735 5.0
2736 2.0
2737 3.0
2738 5.0
2739 5.0
2740 8.0
2741 1.0
2742 1.0
2743 1.0
2744 5.0
2745 2.0
2746 7.0
2747 1.0
2748 3.0
2749 2.0
2750 2.0
2751 2.0
2752 1.0
2753 1.0
2754 1.0
2755 2.0
2756 1.0
2757 1.0
2758 1.0
2759 1.0
2760 1.0
2761 1.0
2762 1.0
2763 1.0
2764 1.0
2765 1.0
2766 1.0
2767 4.0
2768 5.0
2769 1.0
2770 5.0
2771 1.0
2772 4.0
2773 1.0
2774 6.0
2775 1.0
2776 1.0
2777 2.0
2778 6.0
2779 1.0
2780 1.0
2781 3.0
2782 4.0
2783 0.0
2784 21
2785 3.0
2786 1.0
2787 10.0
2788 1.0
2789 3.0
2790 2.0
2791 2.0
2792 1.0
2793 2.0
2794 4.0
2795 2.0
2796 1.0
2797 1.0
2798 1.0
2799 2.0
2800 4.0
2801 9.0
2802 2.0
2803 2.0
2804 2.0
2805 1.0
2806 5.0
2807 1.0
2808 2.0
2809 6.0
2810 1.0
2811 2.0
2812 1.0
2813 2.0
2814 1.0
2815 1.0
2816 3.0
2817 1.0
2818 1.0
2819 1.0
2820 1.0
2821 1.0
2822 2.0
2823 1.0
2824 2.0
2825 1.0
2826 1.0
2827 1.0
2828 1.0
2829 2.0
2830 4.0
2831 4.0
2832 21
2833 4.0
2834 2.0
2835 2.0
2836 1.0
2837 1.0
2838 2.0
2839 2.0
2840 5.0
2841 2.0
2842 7.0
2843 2.0
2844 2.0
2845 1.0
2846 2.0
2847 2.0
2848 8.0
2849 1.0
2850 7.0
2851 5.0
2852 3.0
2853 1.0
2854 1.0
2855 2.0
2856 1.0
2857 2.0
2858 1.0
2859 2.0
2860 2.0
2861 2.0
2862 6.0
2863 3.0
2864 2.0
2865 1.0
2866 2.0
2867 1.0
2868 1.0
2869 2.0
2870 2.0
2871 1.0
2872 1.0
2873 2.0
2874 2.0
2875 2.0
2876 2.0
2877 1.0
2878 1.0
2879 1.0
2880 1.0
2881 2.0
2882 2.0
2883 1.0
2884 2.0
2885 1.0
2886 1.0
2887 2.0
2888 1.0
2889 2.0
2890 2.0
2891 2.0
2892 1.0
2893 2.0
2894 2.0
2895 5.0
2896 10.0
2897 13.0
2898 2.0
2899 2.0
2900 1.0
2901 1.0
2902 7.0
2903 1.0
2904 1.0
2905 1.0
2906 4.0
2907 1.0
2908 0.0
2909 1.0
2910 1.0
2911 1.0
2912 1.0
2913 2.0
2914 1.0
2915 6.0
2916 1.0
2917 4.0
2918 1.0
2919 5.0
2920 2.0
2921 5.0
2922 2.0
2923 1.0
2924 1.0
2925 1.0
2926 2.0
2927 3.0
2928 5.0
2929 1.0
2930 1.0
2931 2.0
2932 2.0
2933 2.0
2934 1.0
2935 2.0
2936 2.0
2937 2.0
2938 1.0
2939 2.0
2940 4.0
2941 2.0
2942 2.0
2943 1.0
2944 2.0
2945 5.0
2946 2.0
2947 2.0
2948 1.0
2949 2.0
2950 3.0
2951 2.0
2952 2.0
2953 4.0
2954 2.0
2955 1.0
2956 3.0
2957 5.0
2958 6.0
2959 1.0
2960 2.0
2961 1.0
2962 1.0
2963 2.0
2964 2.0
2965 2.0
2966 4.0
2967 2.0
2968 5.0
2969 3.0
2970 1.0
2971 2.0
2972 2.0
2973 1.0
2974 2.0
2975 2.0
2976 2.0
2977 6.0
2978 2.0
2979 1.0
2980 2.0
2981 1.0
2982 2.0
2983 1.0
2984 1.0
2985 1.0
2986 2.0
2987 2.0
2988 2.0
2989 1.0
2990 1.0
2991 2.0
2992 1.0
2993 1.0
2994 2.0
2995 2.0
2996 1.0
2997 1.0
2998 2.0
2999 1.0
3000 2.0
3001 1.0
3002 3.0
3003 2.0
3004 4.0
3005 4.0
3006 2.0
3007 5.0
3008 2.0
3009 2.0
3010 2.0
3011 4.0
3012 1.0
3013 21
3014 2.0
3015 2.0
3016 1.0
3017 2.0
3018 2.0
3019 2.0
3020 3.0
3021 2.0
3022 2.0
3023 5.0
3024 2.0
3025 2.0
3026 1.0
3027 2.0
3028 2.0
3029 3.0
3030 5.0
3031 1.0
3032 2.0
3033 1.0
3034 1.0
3035 1.0
3036 3.0
3037 2.0
3038 1.0
3039 1.0
3040 2.0
3041 1.0
3042 2.0
3043 6.0
3044 2.0
3045 2.0
3046 1.0
3047 2.0
3048 1.0
3049 2.0
3050 1.0
3051 1.0
3052 1.0
3053 2.0
3054 1.0
3055 3.0
3056 4.0
3057 6.0
3058 2.0
3059 2.0
3060 3.0
3061 1.0
3062 7.0
3063 1.0
3064 4.0
3065 2.0
3066 1.0
3067 1.0
3068 2.0
3069 2.0
3070 1.0
3071 2.0
3072 2.0
3073 1.0
3074 1.0
3075 4.0
3076 1.0
3077 2.0
3078 0.0
3079 2.0
3080 1.0
3081 1.0
3082 2.0
3083 2.0
3084 2.0
3085 1.0
3086 1.0
3087 1.0
3088 2.0
3089 1.0
3090 3.0
3091 4.0
3092 2.0
3093 2.0
3094 2.0
3095 2.0
3096 2.0
3097 2.0
3098 5.0
3099 6.0
3100 1.0
3101 1.0
3102 2.0
3103 1.0
3104 2.0
3105 1.0
3106 1.0
3107 1.0
3108 1.0
3109 1.0
3110 11.0
3111 0.0
3112 1.0
3113 4.0
3114 1.0
3115 3.0
3116 1.0
3117 1.0
3118 1.0
3119 2.0
3120 1.0
3121 2.0
3122 2.0
3123 2.0
3124 2.0
3125 2.0
3126 18.0
3127 2.0
3128 2.0
3129 1.0
3130 2.0
3131 2.0
3132 2.0
3133 2.0
3134 2.0
3135 4.0
3136 2.0
3137 2.0
3138 2.0
3139 2.0
3140 14.0
3141 3.0
3142 3.0
3143 2.0
3144 3.0
3145 2.0
3146 1.0
3147 0.0
3148 2.0
3149 1.0
3150 1.0
3151 2.0
3152 8.0
3153 1.0
3154 2.0
3155 1.0
3156 2.0
3157 4.0
3158 5.0
3159 1.0
3160 3.0
3161 7.0
3162 1.0
3163 1.0
3164 1.0
3165 2.0
3166 2.0
3167 1.0
3168 2.0
3169 5.0
3170 2.0
3171 1.0
3172 1.0
3173 2.0
3174 1.0
3175 5.0
3176 1.0
3177 2.0
3178 2.0
3179 2.0
3180 1.0
3181 2.0
3182 2.0
3183 1.0
3184 2.0
3185 2.0
3186 1.0
3187 1.0
3188 2.0
3189 2.0
3190 2.0
3191 3.0
3192 2.0
3193 2.0
3194 2.0
3195 2.0
3196 5.0
3197 4.0
3198 2.0
3199 3.0
3200 3.0
3201 2.0
3202 2.0
3203 1.0
3204 4.0
3205 2.0
3206 1.0
3207 2.0
3208 2.0
3209 5.0
3210 2.0
3211 4.0
3212 1.0
3213 3.0
3214 2.0
3215 2.0
3216 2.0
3217 4.0
3218 1.0
3219 1.0
3220 1.0
3221 3.0
3222 1.0
3223 1.0
3224 2.0
3225 1.0
3226 2.0
3227 2.0
3228 1.0
3229 3.0
3230 6.0
3231 2.0
3232 3.0
3233 5.0
3234 1.0
3235 2.0
3236 2.0
3237 1.0
3238 2.0
3239 1.0
3240 1.0
3241 2.0
3242 1.0
3243 4.0
3244 1.0
3245 3.0
3246 2.0
3247 2.0
3248 2.0
3249 5.0
3250 1.0
3251 1.0
3252 1.0
3253 0.0
3254 1.0
3255 2.0
3256 1.0
3257 1.0
3258 2.0
3259 1.0
3260 4.0
3261 2.0
3262 2.0
3263 2.0
3264 2.0
3265 21
3266 2.0
3267 5.0
3268 1.0
3269 1.0
3270 2.0
3271 2.0
3272 2.0
3273 3.0
3274 3.0
3275 2.0
3276 2.0
3277 1.0
3278 2.0
3279 1.0
3280 1.0
3281 3.0
3282 1.0
3283 2.0
3284 2.0
3285 1.0
3286 5.0
3287 6.0
3288 3.0
3289 2.0
3290 0.0
3291 4.0
3292 6.0
3293 1.0
3294 2.0
3295 1.0
3296 1.0
3297 1.0
3298 3.0
3299 1.0
3300 2.0
3301 1.0
3302 1.0
3303 1.0
3304 1.0
3305 4.0
3306 1.0
3307 4.0
3308 6.0
3309 6.0
3310 6.0
3311 1.0
3312 6.0
3313 2.0
3314 1.0
3315 7.0
3316 1.0
3317 1.0
3318 1.0
3319 1.0
3320 3.0
3321 3.0
3322 1.0
3323 1.0
3324 1.0
3325 12.0
3326 1.0
3327 1.0
3328 1.0
3329 2.0
3330 2.0
3331 1.0
3332 1.0
3333 2.0
3334 2.0
3335 2.0
3336 2.0
3337 2.0
3338 1.0
3339 5.0
3340 5.0
3341 8.0
3342 2.0
3343 3.0
3344 1.0
3345 2.0
3346 3.0
3347 1.0
3348 2.0
3349 3.0
3350 2.0
3351 2.0
3352 1.0
3353 2.0
3354 4.0
3355 2.0
3356 2.0
3357 7.0
3358 1.0
3359 2.0
3360 2.0
3361 6.0
3362 1.0
3363 2.0
3364 12.0
3365 9.0
3366 3.0
3367 11.0
3368 1.0
3369 7.0
3370 1.0
3371 2.0
3372 2.0
3373 1.0
3374 2.0
3375 1.0
3376 2.0
3377 2.0
3378 1.0
3379 1.0
3380 1.0
3381 1.0
3382 3.0
3383 2.0
3384 1.0
3385 6.0
3386 2.0
3387 3.0
3388 1.0
3389 2.0
3390 2.0
3391 2.0
3392 2.0
3393 5.0
3394 6.0
3395 3.0
3396 2.0
3397 2.0
3398 4.0
3399 2.0
3400 1.0
3401 1.0
3402 1.0
3403 1.0
3404 2.0
3405 2.0
3406 2.0
3407 1.0
3408 2.0
3409 2.0
3410 2.0
3411 9.0
3412 4.0
3413 2.0
3414 1.0
3415 2.0
3416 2.0
3417 2.0
3418 2.0
3419 1.0
3420 2.0
3421 1.0
3422 1.0
3423 2.0
3424 3.0
3425 2.0
3426 1.0
3427 4.0
3428 6.0
3429 1.0
3430 2.0
3431 9.0
3432 1.0
3433 4.0
3434 2.0
3435 4.0
3436 6.0
3437 7.0
3438 2.0
3439 1.0
3440 5.0
3441 2.0
3442 4.0
3443 1.0
3444 1.0
3445 2.0
3446 1.0
3447 1.0
3448 3.0
3449 4.0
3450 2.0
3451 20.0
3452 21
3453 21
3454 21
3455 21
3456 21
3457 21
3458 2.0
3459 2.0
3460 4.0
3461 5.0
3462 3.0
3463 1.0
3464 2.0
3465 1.0
3466 1.0
3467 2.0
3468 1.0
3469 1.0
3470 2.0
3471 1.0
3472 2.0
3473 2.0
3474 3.0
3475 2.0
3476 2.0
3477 3.0
3478 2.0
3479 4.0
3480 3.0
3481 2.0
3482 7.0
3483 1.0
3484 2.0
3485 1.0
3486 1.0
3487 6.0
3488 4.0
3489 2.0
3490 1.0
3491 4.0
3492 1.0
3493 2.0
3494 1.0
3495 1.0
3496 2.0
3497 2.0
3498 2.0
3499 2.0
3500 3.0
3501 2.0
3502 5.0
3503 4.0
3504 1.0
3505 2.0
3506 2.0
3507 4.0
3508 4.0
3509 2.0
3510 2.0
3511 2.0
3512 4.0
3513 9.0
3514 2.0
3515 1.0
3516 7.0
3517 5.0
3518 3.0
3519 11.0
3520 1.0
3521 2.0
3522 4.0
3523 2.0
3524 2.0
3525 2.0
3526 2.0
3527 8.0
3528 2.0
3529 2.0
3530 1.0
3531 2.0
3532 5.0
3533 9.0
3534 2.0
3535 4.0
3536 3.0
3537 2.0
3538 1.0
3539 2.0
3540 2.0
3541 1.0
3542 2.0
3543 21
3544 1.0
3545 2.0
3546 4.0
3547 1.0
3548 1.0
3549 1.0
3550 1.0
3551 2.0
3552 6.0
3553 5.0
3554 1.0
3555 2.0
3556 4.0
3557 2.0
3558 3.0
3559 2.0
3560 2.0
3561 2.0
3562 4.0
3563 1.0
3564 4.0
3565 1.0
3566 3.0
3567 1.0
3568 1.0
3569 1.0
3570 2.0
3571 4.0
3572 4.0
3573 4.0
3574 6.0
3575 1.0
3576 1.0
3577 6.0
3578 1.0
3579 1.0
3580 8.0
3581 5.0
3582 1.0
3583 6.0
3584 1.0
3585 4.0
3586 7.0
3587 1.0
3588 1.0
3589 2.0
3590 2.0
3591 11.0
3592 1.0
3593 12.0
3594 3.0
3595 2.0
3596 6.0
3597 4.0
3598 4.0
3599 2.0
3600 3.0
3601 7.0
3602 2.0
3603 5.0
3604 4.0
3605 2.0
3606 1.0
3607 5.0
3608 2.0
3609 1.0
3610 3.0
3611 1.0
3612 4.0
3613 1.0
3614 2.0
3615 2.0
3616 3.0
3617 2.0
3618 7.0
3619 2.0
3620 4.0
3621 4.0
3622 1.0
3623 1.0
3624 6.0
3625 1.0
3626 1.0
3627 1.0
3628 6.0
3629 2.0
3630 21
3631 2.0
3632 4.0
3633 2.0
3634 7.0
3635 1.0
3636 6.0
3637 2.0
3638 21
3639 6.0
3640 2.0
3641 3.0
3642 3.0
3643 1.0
3644 2.0
3645 2.0
3646 1.0
3647 4.0
3648 1.0
3649 1.0
3650 3.0
3651 3.0
3652 4.0
3653 2.0
3654 2.0
3655 1.0
3656 1.0
3657 3.0
3658 4.0
3659 2.0
3660 3.0
3661 3.0
3662 2.0
3663 1.0
3664 6.0
3665 1.0
3666 12.0
3667 2.0
3668 2.0
3669 5.0
3670 2.0
3671 6.0
3672 4.0
3673 1.0
3674 1.0
3675 1.0
3676 4.0
3677 1.0
3678 3.0
3679 3.0
3680 7.0
3681 3.0
3682 2.0
3683 3.0
3684 6.0
3685 2.0
3686 5.0
3687 1.0
3688 1.0
3689 3.0
3690 6.0
3691 1.0
3692 1.0
3693 1.0
3694 1.0
3695 2.0
3696 3.0
3697 4.0
3698 3.0
3699 1.0
3700 16.0
3701 2.0
3702 1.0
3703 4.0
3704 4.0
3705 6.0
3706 3.0
3707 19.0
3708 1.0
3709 16.0
3710 1.0
3711 1.0
3712 1.0
3713 1.0
3714 3.0
3715 1.0
3716 1.0
3717 2.0
3718 3.0
3719 3.0
3720 1.0
3721 2.0
3722 2.0
3723 4.0
3724 3.0
3725 5.0
3726 1.0
3727 6.0
3728 3.0
3729 1.0
3730 2.0
3731 4.0
3732 1.0
3733 1.0
3734 4.0
3735 4.0
3736 4.0
3737 3.0
3738 1.0
3739 1.0
3740 5.0
3741 1.0
3742 5.0
3743 1.0
3744 6.0
3745 3.0
3746 3.0
3747 2.0
3748 4.0
3749 1.0
3750 2.0
3751 1.0
3752 1.0
3753 10.0
3754 1.0
3755 6.0
3756 10.0
3757 3.0
3758 2.0
3759 7.0
3760 2.0
3761 1.0
3762 1.0
3763 5.0
3764 1.0
3765 1.0
3766 2.0
3767 5.0
3768 1.0
3769 2.0
3770 1.0
3771 8.0
3772 1.0
3773 7.0
3774 3.0
3775 3.0
3776 7.0
3777 1.0
3778 1.0
3779 1.0
3780 1.0
3781 1.0
3782 0.0
3783 1.0
3784 1.0
3785 8.0
3786 10.0
3787 1.0
3788 3.0
3789 1.0
3790 2.0
3791 5.0
3792 1.0
3793 3.0
3794 1.0
3795 1.0
3796 1.0
3797 6.0
3798 21
3799 1.0
3800 1.0
3801 2.0
3802 3.0
3803 5.0
3804 1.0
3805 1.0
3806 2.0
3807 1.0
3808 1.0
3809 3.0
3810 21
3811 17.0
3812 1.0
3813 5.0
3814 1.0
3815 1.0
3816 2.0
3817 15.0
3818 21
3819 1.0
3820 4.0
3821 21
3822 5.0
3823 3.0
3824 7.0
3825 5.0
3826 1.0
3827 21
3828 5.0
3829 5.0
3830 3.0
3831 0.0
3832 2.0
3833 2.0
3834 6.0
3835 4.0
3836 3.0
3837 1.0
3838 1.0
3839 15.0
3840 4.0
3841 1.0
3842 1.0
3843 19.0
3844 1.0
3845 5.0
3846 2.0
3847 2.0
3848 1.0
3849 6.0
3850 1.0
3851 1.0
3852 1.0
3853 1.0
3854 1.0
3855 1.0
3856 1.0
3857 1.0
3858 1.0
3859 4.0
3860 10.0
3861 5.0
3862 2.0
3863 1.0
3864 4.0
3865 1.0
3866 2.0
3867 2.0
3868 1.0
3869 3.0
3870 2.0
3871 5.0
3872 4.0
3873 3.0
3874 4.0
3875 1.0
3876 3.0
3877 8.0
3878 1.0
3879 1.0
3880 1.0
3881 1.0
3882 0.0
3883 1.0
3884 4.0
3885 1.0
3886 1.0
3887 1.0
3888 4.0
3889 1.0
3890 2.0
3891 1.0
3892 1.0
3893 1.0
3894 1.0
3895 10.0
3896 1.0
3897 1.0
3898 0.0
3899 0.0
3900 1.0
3901 5.0
3902 1.0
3903 1.0
3904 1.0
3905 4.0
3906 1.0
3907 2.0
3908 2.0
3909 7.0
3910 5.0
3911 19.0
3912 7.0
3913 1.0
3914 1.0
3915 6.0
3916 3.0
3917 16.0
3918 3.0
3919 1.0
3920 4.0
3921 11.0
3922 5.0
3923 21
3924 3.0
3925 1.0
3926 1.0
3927 1.0
3928 3.0
3929 1.0
3930 2.0
3931 9.0
3932 1.0
3933 5.0
3934 1.0
3935 2.0
3936 2.0
3937 5.0
3938 2.0
3939 1.0
3940 1.0
3941 3.0
3942 1.0
3943 2.0
3944 1.0
3945 6.0
3946 1.0
3947 1.0
3948 3.0
3949 6.0
3950 1.0
3951 5.0
3952 10.0
3953 2.0
3954 3.0
3955 4.0
3956 1.0
3957 11.0
3958 15.0
3959 2.0
3960 1.0
3961 13.0
3962 1.0
3963 8.0
3964 5.0
3965 2.0
3966 7.0
3967 7.0
3968 2.0
3969 3.0
3970 2.0
3971 4.0
3972 5.0
3973 9.0
3974 1.0
3975 1.0
3976 4.0
3977 1.0
3978 4.0
3979 1.0
3980 3.0
3981 4.0
3982 10.0
3983 1.0
3984 1.0
3985 1.0
3986 1.0
3987 20.0
3988 4.0
3989 10.0
3990 21
3991 8.0
3992 1.0
3993 2.0
3994 1.0
3995 1.0
3996 7.0
3997 4.0
3998 1.0
3999 1.0
4000 3.0
4001 14.0
4002 4.0
4003 1.0
4004 3.0
4005 9.0
4006 4.0
4007 1.0
4008 5.0
4009 6.0
4010 2.0
4011 2.0
4012 3.0
4013 1.0
4014 5.0
4015 9.0
4016 3.0
4017 3.0
4018 2.0
4019 2.0
4020 3.0
4021 7.0
4022 2.0
4023 1.0
4024 1.0
4025 1.0
4026 2.0
4027 2.0
4028 3.0
4029 2.0
4030 1.0
4031 1.0
4032 1.0
4033 21
4034 7.0
4035 5.0
4036 2.0
4037 5.0
4038 1.0
4039 4.0
4040 3.0
4041 5.0
4042 1.0
4043 4.0
4044 5.0
4045 2.0
4046 4.0
4047 1.0
4048 0.0
4049 1.0
4050 3.0
4051 6.0
4052 1.0
4053 1.0
4054 1.0
4055 4.0
4056 1.0
4057 1.0
4058 1.0
4059 1.0
4060 1.0
4061 1.0
4062 0.0
4063 4.0
4064 5.0
4065 1.0
4066 1.0
4067 17.0
4068 7.0
4069 2.0
4070 21
4071 1.0
4072 2.0
4073 6.0
4074 1.0
4075 1.0
4076 3.0
4077 4.0
4078 1.0
4079 1.0
4080 1.0
4081 7.0
4082 4.0
4083 1.0
4084 4.0
4085 2.0
4086 2.0
4087 5.0
4088 10.0
4089 2.0
4090 2.0
4091 1.0
4092 3.0
4093 1.0
4094 1.0
4095 1.0
4096 1.0
4097 1.0
4098 21
4099 1.0
4100 3.0
4101 1.0
4102 1.0
4103 2.0
4104 1.0
4105 1.0
4106 4.0
4107 3.0
4108 21
4109 5.0
4110 4.0
4111 3.0
4112 1.0
4113 1.0
4114 4.0
4115 1.0
4116 1.0
4117 1.0
4118 1.0
4119 1.0
4120 1.0
4121 5.0
4122 1.0
4123 1.0
4124 1.0
4125 1.0
4126 1.0
4127 1.0
4128 1.0
4129 4.0
4130 3.0
4131 5.0
4132 11.0
4133 7.0
4134 8.0
4135 6.0
4136 3.0
4137 5.0
4138 4.0
4139 1.0
4140 2.0
4141 1.0
4142 7.0
4143 3.0
4144 1.0
4145 2.0
4146 1.0
4147 1.0
4148 1.0
4149 2.0
4150 1.0
4151 1.0
4152 1.0
4153 1.0
4154 3.0
4155 4.0
4156 1.0
4157 6.0
4158 10.0
4159 1.0
4160 1.0
4161 3.0
4162 1.0
4163 1.0
4164 1.0
4165 2.0
4166 1.0
4167 6.0
4168 1.0
4169 2.0
4170 2.0
4171 1.0
4172 1.0
4173 1.0
4174 1.0
4175 6.0
4176 1.0
4177 1.0
4178 1.0
4179 1.0
4180 21
4181 2.0
4182 1.0
4183 4.0
4184 1.0
4185 1.0
4186 1.0
4187 5.0
4188 8.0
4189 4.0
4190 1.0
4191 1.0
4192 1.0
4193 1.0
4194 4.0
4195 4.0
4196 1.0
4197 4.0
4198 3.0
4199 4.0
4200 1.0
4201 2.0
4202 16.0
4203 21
4204 16.0
4205 21
4206 18.0
4207 21
4208 20.0
4209 8.0
4210 10.0
4211 5.0
4212 16.0
4213 0.0
4214 4.0
4215 2.0
4216 2.0
4217 2.0
4218 1.0
4219 2.0
4220 2.0
4221 6.0
4222 4.0
4223 3.0
4224 3.0
4225 1.0
4226 9.0
4227 8.0
4228 18.0
4229 5.0
4230 1.0
4231 1.0
4232 4.0
4233 3.0
4234 7.0
4235 1.0
4236 1.0
4237 6.0
4238 1.0
4239 5.0
4240 1.0
4241 6.0
4242 9.0
4243 2.0
4244 1.0
4245 7.0
4246 1.0
4247 4.0
4248 2.0
4249 6.0
4250 9.0
4251 1.0
4252 2.0
4253 1.0
4254 2.0
4255 3.0
4256 1.0
4257 2.0
4258 1.0
4259 2.0
4260 11.0
4261 1.0
4262 4.0
4263 1.0
4264 1.0
4265 3.0
4266 3.0
4267 2.0
4268 1.0
4269 1.0
4270 0.0
4271 6.0
4272 5.0
4273 1.0
4274 2.0
4275 12.0
4276 3.0
4277 5.0
4278 3.0
4279 1.0
4280 3.0
4281 9.0
4282 1.0
4283 1.0
4284 2.0
4285 1.0
4286 1.0
4287 7.0
4288 1.0
4289 1.0
4290 7.0
4291 6.0
4292 4.0
4293 1.0
4294 1.0
4295 1.0
4296 1.0
4297 1.0
4298 14.0
4299 15.0
4300 1.0
4301 8.0
4302 2.0
4303 5.0
4304 3.0
4305 5.0
4306 1.0
4307 3.0
4308 1.0
4309 6.0
4310 1.0
4311 4.0
4312 4.0
4313 7.0
4314 7.0
4315 3.0
4316 9.0
4317 1.0
4318 5.0
4319 1.0
4320 1.0
4321 1.0
4322 5.0
4323 1.0
4324 6.0
4325 2.0
4326 1.0
4327 6.0
4328 8.0
4329 21
4330 1.0
4331 1.0
4332 1.0
4333 5.0
4334 2.0
4335 5.0
4336 6.0
4337 1.0
4338 1.0
4339 7.0
4340 3.0
4341 1.0
4342 1.0
4343 1.0
4344 1.0
4345 1.0
4346 1.0
4347 1.0
4348 1.0
4349 1.0
4350 1.0
4351 1.0
4352 4.0
4353 1.0
4354 4.0
4355 1.0
4356 1.0
4357 1.0
4358 1.0
4359 0.0
4360 0.0
4361 3.0
4362 0.0
4363 1.0
4364 1.0
4365 6.0
4366 5.0
4367 5.0
4368 1.0
4369 7.0
4370 5.0
4371 8.0
4372 1.0
4373 1.0
4374 5.0
4375 1.0
4376 8.0
4377 1.0
4378 1.0
4379 7.0
4380 2.0
4381 2.0
4382 11.0
4383 3.0
4384 1.0
4385 1.0
4386 1.0
4387 6.0
4388 19.0
4389 1.0
4390 4.0
4391 1.0
4392 1.0
4393 1.0
4394 4.0
4395 7.0
4396 2.0
4397 1.0
4398 1.0
4399 4.0
4400 3.0
4401 3.0
4402 1.0
4403 1.0
4404 2.0
4405 1.0
4406 1.0
4407 5.0
4408 1.0
4409 3.0
4410 4.0
4411 2.0
4412 1.0
4413 4.0
4414 1.0
4415 3.0
4416 2.0
4417 21
4418 6.0
4419 1.0
4420 1.0
4421 6.0
4422 1.0
4423 1.0
4424 1.0
4425 1.0
4426 7.0
4427 1.0
4428 3.0
4429 1.0
4430 6.0
4431 1.0
4432 0.0
4433 7.0
4434 4.0
4435 3.0
4436 1.0
4437 1.0
4438 2.0
4439 1.0
4440 5.0
4441 1.0
4442 1.0
4443 12.0
4444 6.0
4445 17.0
4446 2.0
4447 1.0
4448 4.0
4449 1.0
4450 1.0
4451 2.0
4452 1.0
4453 1.0
4454 1.0
4455 2.0
4456 1.0
4457 1.0
4458 1.0
4459 1.0
4460 1.0
4461 1.0
4462 1.0
4463 5.0
4464 1.0
4465 5.0
4466 1.0
4467 3.0
4468 1.0
4469 1.0
4470 1.0
4471 1.0
4472 1.0
4473 1.0
4474 1.0
4475 1.0
4476 2.0
4477 21
4478 1.0
4479 1.0
4480 0.0
4481 0.0
4482 1.0
4483 1.0
4484 1.0
4485 2.0
4486 7.0
4487 1.0
4488 0.0
4489 2.0
4490 1.0
4491 1.0
4492 1.0
4493 21
4494 1.0
4495 1.0
4496 1.0
4497 1.0
4498 1.0
4499 1.0
4500 1.0
4501 1.0
4502 1.0
4503 6.0
4504 4.0
4505 1.0
4506 1.0
4507 1.0
4508 1.0
4509 1.0
4510 1.0
4511 2.0
4512 1.0
4513 1.0
4514 2.0
4515 21
4516 1.0
4517 1.0
4518 1.0
4519 2.0
4520 6.0
4521 4.0
4522 4.0
4523 5.0
4524 1.0
4525 1.0
4526 1.0
4527 3.0
4528 4.0
4529 2.0
4530 4.0
4531 8.0
4532 1.0
4533 2.0
4534 3.0
4535 1.0
4536 1.0
4537 10.0
4538 1.0
4539 9.0
4540 1.0
4541 1.0
4542 1.0
4543 3.0
4544 6.0
4545 7.0
4546 2.0
4547 4.0
4548 6.0
4549 5.0
4550 12.0
4551 2.0
4552 1.0
4553 1.0
4554 1.0
4555 1.0
4556 1.0
4557 1.0
4558 1.0
4559 5.0
4560 2.0
4561 1.0
4562 1.0
4563 2.0
4564 8.0
4565 3.0
4566 0.0
4567 1.0
4568 1.0
4569 1.0
4570 12.0
4571 4.0
4572 4.0
4573 2.0
4574 2.0
4575 1.0
4576 1.0
4577 4.0
4578 4.0
4579 1.0
4580 12.0
4581 1.0
4582 2.0
4583 21
4584 4.0
4585 4.0
4586 1.0
4587 3.0
4588 1.0
4589 15.0
4590 4.0
4591 18.0
4592 1.0
4593 4.0
4594 11.0
4595 5.0
4596 1.0
4597 2.0
4598 1.0
4599 1.0
4600 2.0
4601 8.0
4602 1.0
4603 4.0
4604 3.0
4605 3.0
4606 6.0
4607 1.0
4608 10.0
4609 2.0
4610 3.0
4611 2.0
4612 4.0
4613 2.0
4614 10.0
4615 3.0
4616 1.0
4617 1.0
4618 1.0
4619 1.0
4620 1.0
4621 1.0
4622 1.0
4623 10.0
4624 1.0
4625 5.0
4626 10.0
4627 2.0
4628 3.0
4629 4.0
4630 5.0
4631 1.0
4632 2.0
4633 6.0
4634 3.0
4635 1.0
4636 2.0
4637 1.0
4638 2.0
4639 12.0
4640 1.0
4641 1.0
4642 5.0
4643 2.0
4644 3.0
4645 1.0
4646 6.0
4647 3.0
4648 5.0
4649 2.0
4650 5.0
4651 2.0
4652 8.0
4653 1.0
4654 21
4655 2.0
4656 1.0
4657 1.0
4658 12.0
4659 21
4660 3.0
4661 7.0
4662 5.0
4663 1.0
4664 1.0
4665 3.0
4666 2.0
4667 2.0
4668 1.0
4669 1.0
4670 1.0
4671 1.0
4672 1.0
4673 1.0
4674 1.0
4675 21
4676 2.0
4677 1.0
4678 1.0
4679 1.0
4680 1.0
4681 1.0
4682 1.0
4683 1.0
4684 1.0
4685 1.0
4686 1.0
4687 1.0
4688 1.0
4689 5.0
4690 6.0
4691 21
4692 2.0
4693 4.0
4694 5.0
4695 1.0
4696 2.0
4697 13.0
4698 21
4699 3.0
4700 1.0
4701 1.0
4702 1.0
4703 5.0
4704 1.0
4705 3.0
4706 7.0
4707 3.0
4708 4.0
4709 13.0
4710 5.0
4711 6.0
4712 3.0
4713 13.0
4714 21
4715 3.0
4716 1.0
4717 1.0
4718 1.0
4719 7.0
4720 7.0
4721 1.0
4722 2.0
4723 3.0
4724 6.0
4725 1.0
4726 1.0
4727 1.0
4728 7.0
4729 1.0
4730 12.0
4731 1.0
4732 1.0
4733 1.0
4734 1.0
4735 2.0
4736 2.0
4737 6.0
4738 5.0
4739 2.0
4740 0.0
4741 7.0
4742 2.0
4743 1.0
4744 2.0
4745 1.0
4746 1.0
4747 1.0
4748 1.0
4749 6.0
4750 5.0
4751 3.0
4752 2.0
4753 6.0
4754 13.0
4755 4.0
4756 4.0
4757 1.0
4758 7.0
4759 4.0
4760 6.0
4761 2.0
4762 4.0
4763 2.0
4764 3.0
4765 1.0
4766 4.0
4767 8.0
4768 2.0
4769 2.0
4770 3.0
4771 1.0
4772 3.0
4773 2.0
4774 1.0
4775 3.0
4776 1.0
4777 2.0
4778 2.0
4779 2.0
4780 1.0
4781 4.0
4782 1.0
4783 3.0
4784 2.0
4785 2.0
4786 1.0
4787 1.0
4788 1.0
4789 1.0
4790 1.0
4791 1.0
4792 6.0
4793 2.0
4794 1.0
4795 1.0
4796 21
4797 1.0
4798 1.0
4799 7.0
4800 1.0
4801 3.0
4802 1.0
4803 1.0
4804 3.0
4805 3.0
4806 2.0
4807 1.0
4808 1.0
4809 6.0
4810 3.0
4811 5.0
4812 3.0
4813 1.0
4814 1.0
4815 1.0
4816 1.0
4817 1.0
4818 1.0
4819 1.0
4820 7.0
4821 3.0
4822 1.0
4823 1.0
4824 2.0
4825 7.0
4826 1.0
4827 2.0
4828 8.0
4829 1.0
4830 1.0
4831 1.0
4832 1.0
4833 1.0
4834 3.0
4835 1.0
4836 1.0
4837 8.0
4838 2.0
4839 5.0
4840 1.0
4841 2.0
4842 8.0
4843 5.0
4844 1.0
4845 1.0
4846 6.0
4847 1.0
4848 7.0
4849 5.0
4850 3.0
4851 1.0
4852 1.0
4853 5.0
4854 1.0
4855 4.0
4856 5.0
4857 6.0
4858 8.0
4859 1.0
4860 1.0
4861 1.0
4862 1.0
4863 1.0
4864 1.0
4865 1.0
4866 2.0
4867 3.0
4868 1.0
4869 1.0
4870 1.0
4871 1.0
4872 1.0
4873 1.0
4874 1.0
4875 10.0
4876 1.0
4877 1.0
4878 1.0
4879 1.0
4880 3.0
4881 1.0
4882 1.0
4883 1.0
4884 1.0
4885 1.0
4886 1.0
4887 1.0
4888 1.0
4889 21
4890 3.0
4891 1.0
4892 4.0
4893 1.0
4894 2.0
4895 1.0
4896 1.0
4897 3.0
4898 21
4899 1.0
4900 1.0
4901 1.0
4902 1.0
4903 1.0
4904 1.0
4905 1.0
4906 1.0
4907 1.0
4908 1.0
4909 2.0
4910 1.0
4911 1.0
4912 4.0
4913 3.0
4914 1.0
4915 1.0
4916 2.0
4917 2.0
4918 1.0
4919 4.0
4920 1.0
4921 1.0
4922 4.0
4923 1.0
4924 1.0
4925 1.0
4926 1.0
4927 8.0
4928 5.0
4929 8.0
4930 1.0
4931 4.0
4932 0.0
4933 2.0
4934 8.0
4935 1.0
4936 1.0
4937 1.0
4938 1.0
4939 1.0
4940 3.0
4941 1.0
4942 1.0
4943 1.0
4944 1.0
4945 2.0
4946 3.0
4947 7.0
4948 1.0
4949 1.0
4950 1.0
4951 4.0
4952 1.0
4953 1.0
4954 1.0
4955 3.0
4956 4.0
4957 1.0
4958 4.0
4959 1.0
4960 21
4961 3.0
4962 6.0
4963 8.0
4964 1.0
4965 1.0
4966 2.0
4967 3.0
4968 6.0
4969 1.0
4970 1.0
4971 1.0
4972 1.0
4973 21
4974 20.0
4975 1.0
4976 2.0
4977 1.0
4978 9.0
4979 3.0
4980 1.0
4981 1.0
4982 13.0
4983 1.0
4984 4.0
4985 5.0
4986 3.0
4987 1.0
4988 4.0
4989 2.0
4990 1.0
4991 6.0
4992 3.0
4993 5.0
4994 5.0
4995 3.0
4996 10.0
4997 5.0
4998 1.0
4999 6.0
5000 10.0
