1 4
2 6
3 2
4 4
5 2
6 5
7 1
8 10
9 2
10 1
11 2
12 3
13 21
14 21
15 1
16 21
17 1
18 1
19 1
20 3
21 12
22 4
23 1
24 1
25 9
26 1
27 1
28 7
29 7
30 4
31 10
32 4
33 2
34 4
35 1
36 3
37 2
38 1
39 5
40 6
41 6
42 10
43 1
44 10
45 1
46 1
47 3
48 3
49 1
50 2
51 3
52 12
53 8
54 12
55 8
56 1
57 10
58 4
59 4
60 21
61 3
62 6
63 2
64 5
65 4
66 4
67 2
68 5
69 2
70 2
71 7
72 2
73 2
74 5
75 3
76 4
77 5
78 4
79 13
80 1
81 21
82 1
83 3
84 3
85 1
86 3
87 2
88 7
89 3
90 1
91 5
92 2
93 1
94 1
95 1
96 2
97 1
98 1
99 4
100 3
101 5
102 1
103 5
104 21
105 4
106 7
107 3
108 3
109 6
110 1
111 1
112 21
113 12
114 8
115 5
116 1
117 7
118 1
119 1
120 4
121 2
122 1
123 21
124 3
125 2
126 5
127 5
128 1
129 1
130 11
131 3
132 1
133 6
134 1
135 1
136 21
137 1
138 4
139 6
140 3
141 1
142 1
143 1
144 1
145 13
146 1
147 4
148 7
149 2
150 4
151 1
152 2
153 3
154 3
155 8
156 2
157 1
158 2
159 2
160 1
161 15
162 3
163 1
164 2
165 1
166 3
167 1
168 1
169 4
170 4
171 4
172 5
173 1
174 4
175 1
176 2
177 9
178 2
179 1
180 5
181 1
182 1
183 2
184 1
185 5
186 4
187 3
188 3
189 1
190 1
191 0
192 1
193 5
194 2
195 5
196 10
197 1
198 1
199 5
200 1
201 1
202 3
203 5
204 3
205 5
206 4
207 2
208 1
209 2
210 4
211 4
212 1
213 1
214 2
215 2
216 4
217 1
218 4
219 4
220 1
221 2
222 4
223 1
224 4
225 3
226 1
227 1
228 2
229 2
230 1
231 1
232 3
233 1
234 1
235 1
236 9
237 1
238 1
239 1
240 1
241 1
242 3
243 3
244 3
245 2
246 1
247 1
248 1
249 2
250 1
251 1
252 2
253 1
254 1
255 1
256 2
257 2
258 1
259 1
260 2
261 1
262 1
263 2
264 3
265 3
266 1
267 1
268 1
269 3
270 3
271 2
272 4
273 1
274 3
275 1
276 1
277 1
278 1
279 2
280 1
281 1
282 3
283 3
284 1
285 3
286 1
287 1
288 1
289 1
290 1
291 1
292 1
293 2
294 2
295 3
296 1
297 3
298 1
299 6
300 3
301 1
302 2
303 1
304 1
305 1
306 2
307 1
308 2
309 1
310 1
311 1
312 2
313 1
314 1
315 1
316 3
317 3
318 1
319 1
320 1
321 3
322 3
323 3
324 2
325 1
326 1
327 1
328 1
329 3
330 1
331 1
332 1
333 3
334 3
335 1
336 3
337 3
338 1
339 1
340 1
341 3
342 3
343 3
344 3
345 1
346 3
347 1
348 21
349 1
350 3
351 1
352 1
353 2
354 7
355 3
356 4
357 2
358 0
359 0
360 4
361 1
362 2
363 1
364 1
365 1
366 1
367 2
368 21
369 0
370 1
371 1
372 1
373 1
374 3
375 1
376 1
377 1
378 1
379 2
380 2
381 1
382 2
383 3
384 2
385 1
386 10
387 1
388 2
389 1
390 1
391 3
392 1
393 2
394 1
395 1
396 3
397 1
398 5
399 6
400 1
401 2
402 1
403 1
404 1
405 1
406 5
407 2
408 0
409 3
410 1
411 10
412 0
413 1
414 5
415 21
416 1
417 1
418 1
419 1
420 1
421 10
422 1
423 6
424 1
425 2
426 1
427 5
428 1
429 1
430 1
431 1
432 1
433 6
434 1
435 1
436 2
437 6
438 2
439 2
440 2
441 1
442 1
443 1
444 21
445 3
446 1
447 7
448 3
449 2
450 2
451 1
452 6
453 1
454 1
455 2
456 1
457 4
458 1
459 1
460 1
461 2
462 1
463 1
464 1
465 2
466 1
467 1
468 4
469 4
470 2
471 4
472 1
473 2
474 1
475 1
476 5
477 1
478 1
479 1
480 1
481 1
482 5
483 5
484 6
485 5
486 2
487 1
488 1
489 2
490 1
491 1
492 3
493 1
494 1
495 1
496 1
497 17
498 1
499 1
500 1
501 1
502 1
503 3
504 1
505 1
506 5
507 1
508 1
509 1
510 1
511 1
512 1
513 2
514 0
515 1
516 1
517 1
518 4
519 2
520 4
521 2
522 2
523 4
524 21
525 9
526 1
527 9
528 1
529 5
530 8
531 3
532 4
533 3
534 1
535 1
536 3
537 3
538 7
539 1
540 1
541 4
542 2
543 4
544 3
545 2
546 8
547 4
548 1
549 6
550 4
551 3
552 1
553 2
554 2
555 2
556 19
557 1
558 4
559 1
560 1
561 5
562 3
563 5
564 1
565 1
566 4
567 2
568 5
569 3
570 6
571 2
572 4
573 3
574 6
575 3
576 1
577 2
578 1
579 6
580 4
581 2
582 2
583 2
584 1
585 2
586 1
587 2
588 1
589 2
590 1
591 1
592 3
593 1
594 1
595 5
596 7
597 1
598 5
599 1
600 2
601 1
602 1
603 2
604 4
605 1
606 1
607 3
608 2
609 2
610 1
611 2
612 1
613 2
614 4
615 5
616 1
617 21
618 1
619 1
620 1
621 1
622 8
623 2
624 1
625 1
626 1
627 1
628 1
629 7
630 1
631 3
632 2
633 7
634 2
635 1
636 2
637 2
638 7
639 1
640 1
641 2
642 8
643 3
644 5
645 12
646 1
647 7
648 1
649 2
650 2
651 3
652 1
653 1
654 6
655 1
656 1
657 2
658 2
659 1
660 2
661 2
662 3
663 1
664 6
665 4
666 1
667 1
668 5
669 1
670 2
671 5
672 5
673 2
674 3
675 1
676 2
677 2
678 2
679 2
680 1
681 2
682 3
683 1
684 1
685 4
686 1
687 2
688 2
689 2
690 2
691 3
692 1
693 1
694 2
695 2
696 6
697 1
698 2
699 1
700 7
701 8
702 6
703 3
704 1
705 3
706 1
707 18
708 1
709 1
710 2
711 3
712 0
713 1
714 1
715 1
716 1
717 3
718 5
719 3
720 1
721 2
722 10
723 2
724 2
725 1
726 6
727 1
728 5
729 5
730 1
731 1
732 7
733 2
734 2
735 2
736 2
737 2
738 1
739 1
740 4
741 1
742 10
743 12
744 4
745 3
746 1
747 1
748 1
749 1
750 1
751 2
752 7
753 1
754 1
755 0
756 1
757 4
758 1
759 1
760 2
761 4
762 5
763 5
764 1
765 1
766 2
767 1
768 1
769 2
770 6
771 20
772 1
773 2
774 2
775 2
776 1
777 1
778 1
779 2
780 2
781 6
782 8
783 4
784 1
785 1
786 1
787 1
788 5
789 5
790 1
791 5
792 4
793 1
794 11
795 5
796 3
797 2
798 2
799 2
800 2
801 2
802 6
803 1
804 8
805 1
806 1
807 1
808 3
809 3
810 9
811 5
812 4
813 2
814 2
815 5
816 1
817 11
818 1
819 3
820 5
821 2
822 1
823 4
824 6
825 3
826 1
827 4
828 1
829 9
830 1
831 2
832 2
833 2
834 2
835 2
836 3
837 5
838 1
839 1
840 1
841 2
842 1
843 2
844 5
845 14
846 4
847 1
848 2
849 1
850 2
851 1
852 2
853 1
854 2
855 1
856 4
857 2
858 2
859 2
860 4
861 1
862 1
863 3
864 5
865 3
866 13
867 1
868 4
869 1
870 3
871 1
872 3
873 1
874 1
875 3
876 2
877 3
878 5
879 9
880 9
881 2
882 5
883 1
884 2
885 4
886 3
887 1
888 2
889 3
890 4
891 1
892 4
893 7
894 11
895 4
896 21
897 6
898 4
899 5
900 1
901 4
902 6
903 1
904 1
905 6
906 1
907 1
908 1
909 7
910 3
911 1
912 0
913 4
914 1
915 1
916 1
917 2
918 2
919 10
920 4
921 1
922 2
923 1
924 1
925 4
926 1
927 1
928 6
929 3
930 2
931 2
932 2
933 1
934 3
935 2
936 7
937 2
938 1
939 2
940 3
941 1
942 2
943 1
944 1
945 1
946 2
947 3
948 5
949 1
950 2
951 3
952 1
953 2
954 2
955 2
956 2
957 2
958 2
959 4
960 1
961 2
962 9
963 1
964 2
965 3
966 1
967 2
968 4
969 1
970 1
971 3
972 1
973 1
974 1
975 4
976 2
977 1
978 1
979 7
980 6
981 1
982 2
983 7
984 2
985 1
986 4
987 1
988 1
989 1
990 1
991 12
992 21
993 1
994 0
995 2
996 1
997 1
998 1
999 1
1000 1
