87 4.0
345 2.0
347 0.0
373 1.0
690 6.0
921 1.0
1179 1.0
1290 1.0
1359 5.0
1391 4.0
1402 6.0
1652 1.0
2108 1.0
2190 3.0
2401 1.0
2705 1.0
2761 1.0
2781 3.0
2848 8.0
3152 8.0
3232 3.0
3329 2.0
3333 2.0
3355 2.0
3756 10.0
3968 2.0
3996 7.0
4239 5.0
4322 5.0
4399 4.0
4420 1.0
4531 8.0
4623 10.0
4761 2.0
4775 3.0
4807 1.0
4876 1.0
4912 4.0
4939 1.0
5014 4.0
5334 1.0
5391 2.0
5532 2.0
5536 6.0
5633 1.0
5669 1.0
5682 11.0
5842 2.0
6365 1.0
6400 6.0
6611 4.0
6635 2.0
6805 3.0
6986 14.0
7171 2.0
7621 5.0
7719 7.0
8014 1.0
8050 1.0
8343 1.0
8428 2.0
8505 1.0
8557 21
8573 8.0
8599 2.0
8705 21
8756 2.0
9382 5.0
9394 3.0
9550 1.0
9697 1.0
9946 1.0
10248 1.0
10284 1.0
10342 2.0
10423 10.0
10458 1.0
10462 1.0
10873 6.0
10953 10.0
11000 5.0
11164 6.0
11210 2.0
11549 1.0
11848 1.0
11907 2.0
11946 1.0
12472 1.0
12629 1.0
12932 4.0
13011 5.0
13305 1.0
13361 5.0
13665 5.0
13742 5.0
13790 2.0
13869 5.0
14152 7.0
14216 1.0
14298 1.0
14373 1.0
14685 1.0
14848 1.0
15040 6.0
15409 7.0
16032 8.0
16209 6.0
16392 2.0
16617 1.0
16626 5.0
16861 1.0
16937 3.0
16941 1.0
17039 4.0
17308 1.0
17509 1.0
17632 3.0
17725 1.0
17742 2.0
18057 1.0
18246 2.0
18338 14.0
18388 16.0
18413 12.0
18414 8.0
18495 3.0
18606 4.0
18607 3.0
18673 4.0
18789 21
18916 4.0
19034 1.0
19371 2.0
19430 2.0
19582 2.0
19615 3.0
19629 1.0
19774 1.0
19825 2.0
19897 1.0
20053 2.0
20057 4.0
20198 1.0
20269 5.0
20278 9.0
20357 6.0
20480 1.0
20597 3.0
20793 2.0
20979 5.0
21135 1.0
21213 3.0
21262 2.0
21319 4.0
21396 1.0
21505 5.0
21669 1.0
21671 8.0
21703 2.0
21729 9.0
21762 2.0
21878 3.0
22086 5.0
22123 1.0
22164 2.0
22720 5.0
23156 2.0
23180 2.0
23313 1.0
23461 1.0
23500 1.0
23512 1.0
23527 1.0
24083 3.0
24144 3.0
24323 5.0
24351 5.0
24422 1.0
24617 1.0
24981 1.0
25073 1.0
25285 1.0
25348 7.0
25406 2.0
25516 6.0
25760 9.0
25779 1.0
25788 16.0
25853 3.0
26062 5.0
26118 10.0
26183 5.0
26307 5.0
26611 3.0
26841 3.0
26898 1.0
27016 1.0
27081 1.0
27117 2.0
27328 4.0
27334 7.0
27582 1.0
27746 1.0
27919 1.0
27973 1.0
28075 1.0
28325 12.0
28431 4.0
28459 3.0
28490 8.0
28556 12.0
28684 2.0
28817 5.0
29118 1.0
29165 1.0
29302 1.0
29346 5.0
29400 1.0
29549 13.0
29614 3.0
29636 5.0
29648 3.0
29776 1.0
29825 2.0
29855 1.0
29860 3.0
29899 3.0
29952 4.0
29958 2.0
30005 1.0
30022 1.0
30333 5.0
30334 1.0
30529 5.0
30553 11.0
30809 3.0
30905 13.0
30982 3.0
31117 1.0
31180 6.0
31525 2.0
32045 1.0
32458 6.0
32533 4.0
32857 5.0
32933 6.0
33315 3.0
33329 5.0
33343 1.0
33445 6.0
33465 3.0
33847 1.0
33877 6.0
33990 4.0
34288 3.0
34373 5.0
34569 2.0
34795 10.0
34905 5.0
35027 8.0
35084 1.0
35111 4.0
35216 1.0
35677 1.0
35702 6.0
35767 3.0
36289 1.0
36391 5.0
36712 1.0
36724 0.0
36764 2.0
36779 8.0
36801 1.0
37169 1.0
37227 2.0
37282 5.0
37549 2.0
37851 2.0
38261 4.0
38350 2.0
38380 4.0
38404 9.0
38499 14.0
38505 2.0
38592 3.0
38844 1.0
39065 2.0
39226 1.0
39242 1.0
39252 7.0
39287 10.0
39364 6.0
39400 1.0
39626 10.0
39627 10.0
39839 1.0
39914 2.0
40045 2.0
40122 6.0
40136 1.0
40630 2.0
40908 1.0
40995 2.0
41268 1.0
41275 1.0
41404 5.0
41729 2.0
41933 6.0
41940 3.0
42042 1.0
42137 1.0
42169 6.0
42250 2.0
42407 1.0
42799 2.0
42855 6.0
42948 1.0
43184 12.0
43261 2.0
43458 4.0
43492 4.0
43499 9.0
43605 3.0
43608 13.0
43951 9.0
44024 1.0
44037 1.0
44123 1.0
44125 1.0
44154 7.0
44201 3.0
44267 2.0
44287 2.0
44373 13.0
44458 17.0
44463 2.0
44657 4.0
44702 5.0
44740 21
45006 1.0
45238 6.0
45473 10.0
45523 10.0
45732 10.0
45856 9.0
45861 2.0
45937 1.0
45976 4.0
46091 7.0
46206 6.0
46285 1.0
46341 1.0
46499 1.0
46597 5.0
46599 1.0
46617 6.0
46896 7.0
47042 1.0
47045 5.0
47189 1.0
47592 1.0
47593 1.0
47599 2.0
47716 5.0
47837 21
47908 1.0
48030 21
48073 1.0
48111 21
48142 2.0
48768 2.0
48865 1.0
49168 2.0
49172 1.0
49183 5.0
49388 4.0
49402 5.0
49471 3.0
49531 7.0
49540 2.0
49601 3.0
49642 4.0
49744 3.0
49852 5.0
49879 1.0
50066 6.0
50239 1.0
50245 1.0
50248 1.0
50292 3.0
50451 2.0
50514 2.0
50521 2.0
50773 6.0
50946 4.0
51008 4.0
51014 1.0
51044 3.0
51137 5.0
51172 4.0
51327 8.0
51462 4.0
51510 1.0
51551 1.0
51576 1.0
51679 2.0
51893 1.0
52325 3.0
52441 8.0
52692 1.0
52741 1.0
52865 5.0
52868 12.0
53366 1.0
53373 3.0
53433 12.0
53434 1.0
54059 1.0
54089 8.0
54116 1.0
54195 6.0
54356 21
54513 8.0
54556 6.0
54739 2.0
54807 4.0
54830 2.0
55012 2.0
55166 7.0
55330 1.0
55525 21
55580 2.0
55679 2.0
55680 1.0
55727 2.0
56090 13.0
56125 1.0
56175 1.0
56187 4.0
56444 4.0
56464 6.0
56534 21
56538 21
56589 2.0
56914 2.0
56956 1.0
57108 2.0
57168 21
57232 3.0
57261 2.0
57318 5.0
57408 21
57432 12.0
57476 2.0
57539 14.0
57573 3.0
57735 9.0
57816 2.0
57949 2.0
58081 1.0
58085 1.0
58102 1.0
58212 4.0
58442 1.0
58778 4.0
59368 0.0
59401 1.0
59619 1.0
59732 1.0
60026 5.0
60255 9.0
60282 1.0
60632 7.0
60682 6.0
60748 1.0
60906 2.0
60919 6.0
60982 7.0
61058 21
61249 10.0
61368 1.0
61602 8.0
61759 2.0
61856 3.0
62046 8.0
62144 4.0
62312 1.0
62321 1.0
62397 5.0
62540 2.0
62987 5.0
63161 1.0
63185 1.0
63259 1.0
63370 1.0
63371 13.0
63522 6.0
63711 1.0
63748 3.0
64028 21
64063 3.0
64211 8.0
64342 1.0
64476 5.0
64617 4.0
64794 9.0
65061 8.0
65070 7.0
65505 1.0
65534 6.0
65676 1.0
65721 6.0
65751 8.0
65784 12.0
65903 1.0
65915 7.0
65970 1.0
66072 1.0
66315 1.0
66451 1.0
66592 1.0
66602 1.0
66929 0.0
67151 1.0
67193 1.0
67208 2.0
67529 5.0
67533 5.0
67626 12.0
67628 17.0
67696 11.0
67895 4.0
68089 5.0
68123 6.0
68136 5.0
68214 1.0
68392 2.0
68593 3.0
69157 2.0
69269 1.0
69315 1.0
69395 6.0
69417 2.0
69575 6.0
69648 6.0
69811 4.0
69944 5.0
70182 2.0
70342 5.0
70541 9.0
70573 6.0
70722 4.0
70730 1.0
70733 1.0
70747 2.0
70894 4.0
71057 5.0
71108 15.0
71399 6.0
71645 7.0
71698 7.0
71790 1.0
71916 4.0
72074 2.0
72397 6.0
72409 7.0
72558 7.0
72565 1.0
72577 3.0
72618 7.0
72711 3.0
72778 4.0
72872 1.0
72981 1.0
73196 8.0
73266 1.0
73300 4.0
73341 3.0
73596 10.0
73622 1.0
73627 18.0
73741 1.0
73756 1.0
73843 7.0
73866 1.0
73968 2.0
73976 6.0
74011 6.0
74146 7.0
74219 5.0
74274 6.0
74493 2.0
74739 6.0
74963 8.0
74995 3.0
75028 21
75075 4.0
75163 1.0
75246 1.0
75272 4.0
75608 5.0
75694 10.0
76131 2.0
76365 1.0
76486 4.0
76679 2.0
77119 1.0
77189 1.0
77231 2.0
77525 5.0
77581 2.0
77947 13.0
78048 21
78162 5.0
78258 1.0
78433 2.0
78477 3.0
78504 13.0
78702 7.0
78751 2.0
78834 3.0
79182 2.0
79420 5.0
79576 7.0
79747 2.0
80667 3.0
80673 1.0
80732 5.0
80823 4.0
80910 21
81144 1.0
81559 1.0
81650 21
82065 10.0
82140 1.0
82454 8.0
82584 2.0
82914 2.0
82974 4.0
83074 1.0
83239 11.0
83242 14.0
83447 3.0
83492 3.0
83582 4.0
83781 4.0
83794 4.0
83843 1.0
83886 1.0
83919 6.0
83974 5.0
84223 1.0
84232 1.0
84238 1.0
84319 1.0
84492 2.0
84592 2.0
84659 2.0
84718 6.0
84739 5.0
84790 1.0
84866 7.0
85229 1.0
85377 4.0
85554 0.0
85567 8.0
85688 7.0
85718 5.0
85771 8.0
85792 5.0
85831 2.0
85836 4.0
85896 21
85920 3.0
85953 8.0
86033 6.0
86444 4.0
86507 4.0
86625 2.0
86919 3.0
87086 21
87120 21
87182 1.0
87240 1.0
87547 4.0
87640 1.0
87724 2.0
87913 6.0
88007 4.0
88250 9.0
88423 8.0
89246 5.0
89326 21
89382 1.0
89424 2.0
89511 3.0
89819 3.0
89862 1.0
90056 4.0
90211 4.0
90225 2.0
90232 8.0
90235 5.0
90319 21
90328 21
90361 3.0
90387 4.0
90507 5.0
90508 2.0
90868 5.0
90993 1.0
91025 6.0
91290 2.0
91323 2.0
91368 4.0
91615 6.0
91677 5.0
91893 3.0
91894 6.0
91952 9.0
92300 4.0
92368 1.0
92412 2.0
92463 2.0
92598 2.0
92667 6.0
92779 5.0
92826 1.0
92911 8.0
93035 5.0
93042 5.0
93441 3.0
93574 1.0
93713 5.0
93750 21
93833 2.0
93895 2.0
94064 2.0
94075 10.0
94106 21
94140 6.0
94241 5.0
94285 8.0
94287 10.0
94968 5.0
94984 6.0
95165 4.0
95222 7.0
95269 8.0
95426 4.0
95851 6.0
95864 3.0
95933 3.0
96779 1.0
96869 1.0
96875 6.0
97047 3.0
97205 1.0
97255 1.0
97329 4.0
97360 1.0
97391 1.0
97437 6.0
97453 1.0
97585 8.0
97751 2.0
97771 2.0
97793 1.0
97809 1.0
97819 2.0
97834 1.0
97918 6.0
97929 21
97992 21
98121 12.0
98419 3.0
98488 5.0
98593 2.0
99042 21
99248 2.0
99320 6.0
99469 3.0
99538 7.0
99549 2.0
99564 8.0
99760 1.0
99843 2.0
99917 5.0
100098 5.0
100338 7.0
100400 3.0
100403 8.0
100888 6.0
101020 5.0
101100 3.0
101326 9.0
101406 11.0
101407 5.0
101453 2.0
101632 1.0
101708 2.0
101789 9.0
101956 9.0
101966 4.0
102104 6.0
102150 3.0
102204 2.0
102445 5.0
102458 3.0
102619 2.0
102801 16.0
102822 1.0
103218 4.0
103265 21
103302 8.0
103332 21
103407 2.0
103568 1.0
103571 3.0
103647 8.0
103654 2.0
103656 2.0
103737 1.0
103791 2.0
103999 1.0
104221 7.0
104452 6.0
104559 10.0
104579 5.0
104587 3.0
104755 7.0
105054 2.0
105185 6.0
105211 6.0
105262 1.0
105308 1.0
105729 2.0
105772 8.0
105937 4.0
106061 7.0
106107 4.0
106118 5.0
106230 6.0
106514 1.0
106556 2.0
106734 3.0
106737 3.0
106762 5.0
106774 1.0
107133 2.0
107183 12.0
107464 21
107499 11.0
107602 4.0
107749 4.0
107776 21
107865 13.0
107993 3.0
108253 1.0
108353 1.0
108409 3.0
108610 2.0
108969 14.0
108992 9.0
109081 9.0
109214 7.0
109243 2.0
109308 2.0
109460 2.0
109522 21
109556 15.0
109981 8.0
110045 9.0
110297 21
110435 4.0
110500 9.0
110559 6.0
110578 8.0
110633 6.0
110755 3.0
110780 3.0
111203 21
111276 5.0
111366 7.0
112113 21
112154 1.0
112203 15.0
112241 8.0
112245 8.0
112282 8.0
112350 2.0
112552 11.0
112723 2.0
112750 14.0
112795 8.0
113063 2.0
113296 21
113390 2.0
113467 2.0
113506 2.0
113725 1.0
113783 11.0
113831 10.0
114137 8.0
114185 5.0
114202 10.0
114240 7.0
114243 17.0
114477 10.0
114879 7.0
114967 9.0
115022 9.0
115111 2.0
115239 10.0
115327 10.0
115741 10.0
115762 4.0
115843 5.0
115891 2.0
116272 2.0
116422 2.0
116527 2.0
116566 2.0
116960 11.0
117183 6.0
117229 5.0
117265 7.0
117268 21
117327 1.0
117468 18.0
117620 9.0
117877 5.0
117910 2.0
117982 9.0
118300 4.0
118735 4.0
118782 4.0
118826 2.0
118872 2.0
119054 10.0
119263 1.0
119294 10.0
119347 1.0
119459 2.0
119523 2.0
119597 2.0
119820 4.0
119885 6.0
119919 10.0
120203 4.0
120264 3.0
120315 2.0
120413 2.0
120518 2.0
120534 2.0
120584 21
120633 1.0
120779 3.0
121002 9.0
121003 1.0
121093 1.0
121184 7.0
121306 2.0
121323 21
121362 10.0
121668 6.0
121787 1.0
121927 15.0
122138 1.0
122386 2.0
122483 3.0
122514 1.0
122526 21
122567 7.0
122573 21
122585 2.0
123139 5.0
123374 1.0
123708 2.0
123787 2.0
123895 7.0
124107 2.0
124162 2.0
124171 2.0
124220 2.0
124279 1.0
124328 2.0
124721 11.0
125039 8.0
125789 8.0
125880 4.0
125915 2.0
126035 5.0
126154 6.0
126197 2.0
126318 5.0
126578 6.0
126730 1.0
126850 1.0
126899 1.0
