1 4
2 6
3 2
4 4
5 2
6 5
7 1
8 10
9 2
10 1
11 2
12 3
13 21
14 21
15 1
16 21
17 1
18 1
19 1
20 3
21 12
22 4
23 1
24 1
25 9
26 1
27 1
28 7
29 7
30 4
31 10
32 4
33 2
34 4
35 1
36 3
37 2
38 1
39 5
40 6
41 6
42 10
43 1
44 10
45 1
46 1
47 3
48 3
49 1
50 2
51 3
52 12
53 8
54 12
55 8
56 1
57 10
58 4
59 4
60 21
61 3
62 6
63 2
64 5
65 4
66 4
67 2
68 5
69 2
70 2
71 7
72 2
73 2
74 5
75 3
76 4
77 5
78 4
79 13
80 1
81 21
82 1
83 3
84 3
85 1
86 3
87 2
88 7
89 3
90 1
91 5
92 2
93 1
94 1
95 1
96 2
97 1
98 1
99 4
100 3
101 5
102 1
103 5
104 21
105 4
106 7
107 3
108 3
109 6
110 1
111 1
112 21
113 12
114 8
115 5
116 1
117 7
118 1
119 1
120 4
121 2
122 1
123 21
124 3
125 2
126 5
127 5
128 1
129 1
130 11
131 3
132 1
133 6
134 1
135 1
136 21
137 1
138 4
139 6
140 3
141 1
142 1
143 1
144 1
145 13
146 1
147 4
148 7
149 2
150 4
151 1
152 2
153 3
154 3
155 8
156 2
157 1
158 2
159 2
160 1
161 15
162 3
163 1
164 2
165 1
166 3
167 1
168 1
169 4
170 4
171 4
172 5
173 1
174 4
175 1
176 2
177 9
178 2
179 1
180 5
181 1
182 1
183 2
184 1
185 5
186 4
187 3
188 3
189 1
190 1
191 0
192 1
193 5
194 2
195 5
196 10
197 1
198 1
199 5
200 1
201 1
202 3
203 5
204 3
205 5
206 4
207 2
208 1
209 2
210 4
211 4
212 1
213 1
214 2
215 2
216 4
217 1
218 4
219 4
220 1
221 2
222 4
223 1
224 4
225 3
226 1
227 1
228 2
229 2
230 1
231 1
232 3
233 1
234 1
235 1
236 9
237 1
238 1
239 1
240 1
241 1
242 3
243 3
244 3
245 2
246 1
247 1
248 1
249 2
250 1
251 1
252 2
253 1
254 1
255 1
256 2
257 2
258 1
259 1
260 2
261 1
262 1
263 2
264 3
265 3
266 1
267 1
268 1
269 3
270 3
271 2
272 4
273 1
274 3
275 1
276 1
277 1
278 1
279 2
280 1
281 1
282 3
283 3
284 1
285 3
286 1
287 1
288 1
289 1
290 1
291 1
292 1
293 2
294 2
295 3
296 1
297 3
298 1
299 6
300 3
301 1
302 2
303 1
304 1
305 1
306 2
307 1
308 2
309 1
310 1
311 1
312 2
313 1
314 1
315 1
316 3
317 3
318 1
319 1
320 1
321 3
322 3
323 3
324 2
325 1
326 1
327 1
328 1
329 3
330 1
331 1
332 1
333 3
334 3
335 1
336 3
337 3
338 1
339 1
340 1
341 3
342 3
343 3
344 3
345 1
346 3
347 1
348 21
349 1
350 3
351 1
352 1
353 2
354 7
355 3
356 4
357 2
358 0
359 0
360 4
361 1
362 2
363 1
364 1
365 1
366 1
367 2
368 21
369 0
370 1
371 1
372 1
373 1
374 3
375 1
376 1
377 1
378 1
379 2
380 2
381 1
382 2
383 3
384 2
385 1
386 10
387 1
388 2
389 1
390 1
391 3
392 1
393 2
394 1
395 1
396 3
397 1
398 5
399 6
400 1
401 2
402 1
403 1
404 1
405 1
406 5
407 2
408 0
409 3
410 1
411 10
412 0
413 1
414 5
415 21
416 1
417 1
418 1
419 1
420 1
421 10
422 1
423 6
424 1
425 2
426 1
427 5
428 1
429 1
430 1
431 1
432 1
433 6
434 1
435 1
436 2
437 6
438 2
439 2
440 2
441 1
442 1
443 1
444 21
445 3
446 1
447 7
448 3
449 2
450 2
451 1
452 6
453 1
454 1
455 2
456 1
457 4
458 1
459 1
460 1
461 2
462 1
463 1
464 1
465 2
466 1
467 1
468 4
469 4
470 2
471 4
472 1
473 2
474 1
475 1
476 5
477 1
478 1
479 1
480 1
481 1
482 5
483 5
484 6
485 5
486 2
487 1
488 1
489 2
490 1
491 1
492 3
493 1
494 1
495 1
496 1
497 17
498 1
499 1
500 1
501 1
502 1
503 3
504 1
505 1
506 5
507 1
508 1
509 1
510 1
511 1
512 1
513 2
514 0
515 1
516 1
517 1
518 4
519 2
520 4
521 2
522 2
523 4
524 21
525 9
526 1
527 9
528 1
529 5
530 8
531 3
532 4
533 3
534 1
535 1
536 3
537 3
538 7
539 1
540 1
541 4
542 2
543 4
544 3
545 2
546 8
547 4
548 1
549 6
550 4
551 3
552 1
553 2
554 2
555 2
556 19
557 1
558 4
559 1
560 1
561 5
562 3
563 5
564 1
565 1
566 4
567 2
568 5
569 3
570 6
571 2
572 4
573 3
574 6
575 3
576 1
577 2
578 1
579 6
580 4
581 2
582 2
583 2
584 1
585 2
586 1
587 2
588 1
589 2
590 1
591 1
592 3
593 1
594 1
595 5
596 7
597 1
598 5
599 1
600 2
601 1
602 1
603 2
604 4
605 1
606 1
607 3
608 2
609 2
610 1
611 2
612 1
613 2
614 4
615 5
616 1
617 21
618 1
619 1
620 1
621 1
622 8
623 2
624 1
625 1
626 1
627 1
628 1
629 7
630 1
631 3
632 2
633 7
634 2
635 1
636 2
637 2
638 7
639 1
640 1
641 2
642 8
643 3
644 5
645 12
646 1
647 7
648 1
649 2
650 2
651 3
652 1
653 1
654 6
655 1
656 1
657 2
658 2
659 1
660 2
661 2
662 3
663 1
664 6
665 4
666 1
667 1
668 5
669 1
670 2
671 5
672 5
673 2
674 3
675 1
676 2
677 2
678 2
679 2
680 1
681 2
682 3
683 1
684 1
685 4
686 1
687 2
688 2
689 2
690 2
691 3
692 1
693 1
694 2
695 2
696 6
697 1
698 2
699 1
700 7
701 8
702 6
703 3
704 1
705 3
706 1
707 18
708 1
709 1
710 2
711 3
712 0
713 1
714 1
715 1
716 1
717 3
718 5
719 3
720 1
721 2
722 10
723 2
724 2
725 1
726 6
727 1
728 5
729 5
730 1
731 1
732 7
733 2
734 2
735 2
736 2
737 2
738 1
739 1
740 4
741 1
742 10
743 12
744 4
745 3
746 1
747 1
748 1
749 1
750 1
751 2
752 7
753 1
754 1
755 0
756 1
757 4
758 1
759 1
760 2
761 4
762 5
763 5
764 1
765 1
766 2
767 1
768 1
769 2
770 6
771 20
772 1
773 2
774 2
775 2
776 1
777 1
778 1
779 2
780 2
781 6
782 8
783 4
784 1
785 1
786 1
787 1
788 5
789 5
790 1
791 5
792 4
793 1
794 11
795 5
796 3
797 2
798 2
799 2
800 2
801 2
802 6
803 1
804 8
805 1
806 1
807 1
808 3
809 3
810 9
811 5
812 4
813 2
814 2
815 5
816 1
817 11
818 1
819 3
820 5
821 2
822 1
823 4
824 6
825 3
826 1
827 4
828 1
829 9
830 1
831 2
832 2
833 2
834 2
835 2
836 3
837 5
838 1
839 1
840 1
841 2
842 1
843 2
844 5
845 14
846 4
847 1
848 2
849 1
850 2
851 1
852 2
853 1
854 2
855 1
856 4
857 2
858 2
859 2
860 4
861 1
862 1
863 3
864 5
865 3
866 13
867 1
868 4
869 1
870 3
871 1
872 3
873 1
874 1
875 3
876 2
877 3
878 5
879 9
880 9
881 2
882 5
883 1
884 2
885 4
886 3
887 1
888 2
889 3
890 4
891 1
892 4
893 7
894 11
895 4
896 21
897 6
898 4
899 5
900 1
901 4
902 6
903 1
904 1
905 6
906 1
907 1
908 1
909 7
910 3
911 1
912 0
913 4
914 1
915 1
916 1
917 2
918 2
919 10
920 4
921 1
922 2
923 1
924 1
925 4
926 1
927 1
928 6
929 3
930 2
931 2
932 2
933 1
934 3
935 2
936 7
937 2
938 1
939 2
940 3
941 1
942 2
943 1
944 1
945 1
946 2
947 3
948 5
949 1
950 2
951 3
952 1
953 2
954 2
955 2
956 2
957 2
958 2
959 4
960 1
961 2
962 9
963 1
964 2
965 3
966 1
967 2
968 4
969 1
970 1
971 3
972 1
973 1
974 1
975 4
976 2
977 1
978 1
979 7
980 6
981 1
982 2
983 7
984 2
985 1
986 4
987 1
988 1
989 1
990 1
991 12
992 21
993 1
994 0
995 2
996 1
997 1
998 1
999 1
1000 1
1001 1
1002 1
1003 1
1004 3
1005 1
1006 1
1007 1
1008 1
1009 2
1010 5
1011 2
1012 5
1013 4
1014 1
1015 1
1016 21
1017 4
1018 1
1019 4
1020 4
1021 1
1022 1
1023 4
1024 3
1025 3
1026 1
1027 3
1028 1
1029 2
1030 3
1031 7
1032 1
1033 2
1034 6
1035 2
1036 3
1037 2
1038 1
1039 4
1040 1
1041 1
1042 1
1043 2
1044 5
1045 2
1046 2
1047 1
1048 1
1049 2
1050 5
1051 1
1052 2
1053 5
1054 1
1055 1
1056 2
1057 3
1058 1
1059 1
1060 2
1061 1
1062 1
1063 1
1064 1
1065 2
1066 4
1067 7
1068 1
1069 1
1070 2
1071 5
1072 1
1073 1
1074 1
1075 1
1076 1
1077 2
1078 5
1079 1
1080 4
1081 1
1082 4
1083 2
1084 3
1085 2
1086 4
1087 3
1088 1
1089 2
1090 1
1091 3
1092 5
1093 3
1094 1
1095 5
1096 3
1097 1
1098 2
1099 5
1100 1
1101 5
1102 21
1103 3
1104 1
1105 5
1106 5
1107 5
1108 6
1109 1
1110 1
1111 3
1112 4
1113 1
1114 2
1115 2
1116 1
1117 2
1118 1
1119 2
1120 3
1121 3
1122 2
1123 1
1124 0
1125 2
1126 2
1127 1
1128 1
1129 4
1130 6
1131 9
1132 1
1133 1
1134 5
1135 2
1136 4
1137 1
1138 4
1139 2
1140 2
1141 2
1142 6
1143 3
1144 3
1145 2
1146 3
1147 1
1148 8
1149 4
1150 3
1151 2
1152 3
1153 2
1154 3
1155 3
1156 1
1157 1
1158 2
1159 2
1160 1
1161 1
1162 2
1163 4
1164 5
1165 6
1166 1
1167 3
1168 8
1169 5
1170 3
1171 4
1172 1
1173 1
1174 1
1175 10
1176 4
1177 2
1178 6
1179 1
1180 3
1181 3
1182 4
1183 1
1184 1
1185 1
1186 3
1187 21
1188 1
1189 2
1190 6
1191 1
1192 1
1193 1
1194 2
1195 1
1196 1
1197 2
1198 4
1199 2
1200 4
1201 1
1202 1
1203 2
1204 3
1205 2
1206 7
1207 3
1208 2
1209 1
1210 1
1211 1
1212 4
1213 1
1214 2
1215 4
1216 3
1217 4
1218 3
1219 1
1220 1
1221 2
1222 4
1223 3
1224 1
1225 2
1226 1
1227 1
1228 2
1229 1
1230 7
1231 1
1232 5
1233 1
1234 5
1235 1
1236 1
1237 2
1238 1
1239 1
1240 5
1241 1
1242 6
1243 1
1244 5
1245 3
1246 6
1247 1
1248 4
1249 1
1250 2
1251 2
1252 3
1253 1
1254 2
1255 0
1256 1
1257 1
1258 1
1259 5
1260 1
1261 5
1262 3
1263 1
1264 5
1265 1
1266 1
1267 1
1268 1
1269 1
1270 1
1271 1
1272 6
1273 1
1274 6
1275 1
1276 4
1277 3
1278 9
1279 4
1280 3
1281 2
1282 3
1283 1
1284 1
1285 2
1286 3
1287 2
1288 2
1289 1
1290 2
1291 2
1292 1
1293 2
1294 2
1295 1
1296 1
1297 9
1298 4
1299 2
1300 4
1301 2
1302 1
1303 1
1304 2
1305 2
1306 3
1307 2
1308 4
1309 5
1310 4
1311 2
1312 1
1313 7
1314 2
1315 2
1316 1
1317 1
1318 1
1319 11
1320 2
1321 1
1322 3
1323 9
1324 2
1325 4
1326 1
1327 6
1328 4
1329 1
1330 3
1331 3
1332 2
1333 6
1334 7
1335 1
1336 2
1337 2
1338 1
1339 2
1340 6
1341 6
1342 2
1343 9
1344 2
1345 5
1346 6
1347 1
1348 1
1349 1
1350 2
1351 8
1352 3
1353 1
1354 1
1355 1
1356 1
1357 11
1358 1
1359 1
1360 1
1361 1
1362 6
1363 1
1364 1
1365 1
1366 2
1367 1
1368 1
1369 3
1370 5
1371 5
1372 3
1373 4
1374 1
1375 1
1376 1
1377 3
1378 2
1379 8
1380 1
1381 4
1382 1
1383 1
1384 1
1385 6
1386 2
1387 2
1388 1
1389 1
1390 5
1391 3
1392 4
1393 6
1394 1
1395 2
1396 3
1397 1
1398 1
1399 1
1400 1
1401 4
1402 15
1403 4
1404 1
1405 1
1406 2
1407 1
1408 1
1409 2
1410 2
1411 6
1412 3
1413 6
1414 6
1415 8
1416 2
1417 1
1418 7
1419 3
1420 1
1421 3
1422 4
1423 7
1424 2
1425 1
1426 1
1427 4
1428 3
1429 2
1430 3
1431 5
1432 1
1433 1
1434 3
1435 2
1436 5
1437 7
1438 3
1439 2
1440 3
1441 5
1442 1
1443 1
1444 1
1445 7
1446 8
1447 2
1448 1
1449 3
1450 1
1451 6
1452 6
1453 3
1454 6
1455 1
1456 1
1457 2
1458 2
1459 6
1460 1
1461 1
1462 1
1463 1
1464 2
1465 2
1466 2
1467 1
1468 4
1469 1
1470 1
1471 2
1472 5
1473 1
1474 9
1475 21
1476 2
1477 4
1478 1
1479 6
1480 1
1481 1
1482 1
1483 1
1484 2
1485 5
1486 7
1487 1
1488 2
1489 1
1490 2
1491 1
1492 2
1493 2
1494 3
1495 3
1496 1
1497 1
1498 4
1499 2
1500 2
1501 1
1502 5
1503 5
1504 7
1505 2
1506 3
1507 2
1508 4
1509 6
1510 2
1511 6
1512 4
1513 2
1514 1
1515 1
1516 1
1517 3
1518 2
1519 6
1520 2
1521 1
1522 19
1523 14
1524 1
1525 3
1526 3
1527 5
1528 1
1529 2
1530 4
1531 6
1532 2
1533 3
1534 1
1535 2
1536 7
1537 4
1538 2
1539 5
1540 7
1541 7
1542 2
1543 4
1544 1
1545 2
1546 1
1547 3
1548 6
1549 2
1550 9
1551 10
1552 3
1553 3
1554 5
1555 2
1556 1
1557 6
1558 9
1559 5
1560 1
1561 2
1562 3
1563 7
1564 1
1565 6
1566 1
1567 1
1568 2
1569 2
1570 5
1571 6
1572 2
1573 1
1574 1
1575 1
1576 0
1577 1
1578 1
1579 1
1580 2
1581 4
1582 1
1583 7
1584 7
1585 5
1586 4
1587 5
1588 2
1589 4
1590 6
1591 1
1592 9
1593 5
1594 1
1595 1
1596 6
1597 5
1598 5
1599 1
1600 12
1601 1
1602 10
1603 4
1604 1
1605 3
1606 3
1607 7
1608 2
1609 5
1610 4
1611 2
1612 2
1613 2
1614 2
1615 1
1616 2
1617 2
1618 0
1619 4
1620 1
1621 3
1622 1
1623 2
1624 1
1625 6
1626 1
1627 5
1628 2
1629 4
1630 4
1631 8
1632 21
1633 4
1634 3
1635 3
1636 3
1637 1
1638 2
1639 5
1640 1
1641 2
1642 2
1643 6
1644 1
1645 4
1646 1
1647 2
1648 6
1649 7
1650 4
1651 7
1652 1
1653 1
1654 1
1655 5
1656 2
1657 2
1658 4
1659 2
1660 1
1661 7
1662 7
1663 2
1664 1
1665 3
1666 3
1667 2
1668 2
1669 6
1670 5
1671 3
1672 2
1673 5
1674 5
1675 1
1676 3
1677 1
1678 3
1679 1
1680 6
1681 1
1682 8
1683 2
1684 2
1685 2
1686 3
1687 1
1688 11
1689 2
1690 2
1691 1
1692 1
1693 1
1694 1
1695 1
1696 5
1697 2
1698 1
1699 3
1700 3
1701 1
1702 1
1703 7
1704 1
1705 1
1706 7
1707 7
1708 1
1709 2
1710 1
1711 3
1712 6
1713 7
1714 5
1715 6
1716 1
1717 6
1718 6
1719 6
1720 1
1721 7
1722 4
1723 2
1724 5
1725 8
1726 2
1727 5
1728 5
1729 3
1730 2
1731 1
1732 4
1733 3
1734 3
1735 1
1736 2
1737 4
1738 3
1739 3
1740 1
1741 0
1742 6
1743 7
1744 5
1745 4
1746 4
1747 2
1748 5
1749 1
1750 5
1751 2
1752 4
1753 4
1754 1
1755 5
1756 1
1757 1
1758 4
1759 1
1760 6
1761 3
1762 7
1763 2
1764 5
1765 1
1766 2
1767 2
1768 6
1769 6
1770 3
1771 4
1772 6
1773 2
1774 5
1775 1
1776 6
1777 1
1778 1
1779 2
1780 1
1781 3
1782 3
1783 2
1784 1
1785 4
1786 5
1787 1
1788 1
1789 2
1790 9
1791 6
1792 6
1793 5
1794 1
1795 2
1796 2
1797 1
1798 2
1799 3
1800 1
1801 2
1802 3
1803 2
1804 7
1805 1
1806 2
1807 2
1808 2
1809 7
1810 6
1811 6
1812 1
1813 6
1814 2
1815 3
1816 1
1817 9
1818 7
1819 7
1820 1
1821 3
1822 6
1823 6
1824 0
1825 3
1826 1
1827 6
1828 6
1829 7
1830 6
1831 6
1832 5
1833 5
1834 1
1835 5
1836 2
1837 5
1838 1
1839 7
1840 3
1841 2
1842 13
1843 1
1844 2
1845 2
1846 3
1847 4
1848 1
1849 1
1850 6
1851 1
1852 3
1853 4
1854 8
1855 3
1856 1
1857 2
1858 2
1859 6
1860 3
1861 6
1862 1
1863 21
1864 4
1865 2
1866 2
1867 1
1868 4
1869 1
1870 2
1871 2
1872 1
1873 6
1874 5
1875 5
1876 5
1877 6
1878 1
1879 1
1880 3
1881 3
1882 1
1883 7
1884 1
1885 1
1886 4
1887 1
1888 1
1889 1
1890 9
1891 2
1892 1
1893 2
1894 5
1895 1
1896 21
1897 3
1898 1
1899 8
1900 1
1901 3
1902 6
1903 2
1904 5
1905 3
1906 6
1907 2
1908 2
1909 8
1910 5
1911 2
1912 1
1913 1
1914 6
1915 1
1916 7
1917 11
1918 8
1919 13
1920 6
1921 3
1922 1
1923 1
1924 2
1925 2
1926 1
1927 1
1928 1
1929 4
1930 1
1931 1
1932 2
1933 17
1934 6
1935 1
1936 6
1937 1
1938 4
1939 2
1940 4
1941 1
1942 12
1943 6
1944 2
1945 1
1946 1
1947 4
1948 3
1949 1
1950 8
1951 5
1952 4
1953 1
1954 5
1955 1
1956 1
1957 6
1958 1
1959 2
1960 2
1961 1
1962 6
1963 1
1964 5
1965 7
1966 6
1967 1
1968 1
1969 1
1970 5
1971 6
1972 6
1973 2
1974 5
1975 2
1976 1
1977 7
1978 2
1979 4
1980 1
1981 1
1982 1
1983 7
1984 1
1985 1
1986 1
1987 1
1988 1
1989 3
1990 8
1991 1
1992 1
1993 6
1994 3
1995 11
1996 1
1997 1
1998 2
1999 2
2000 14
