1 4
2 6
3 2
4 4
5 2
6 5
7 1
8 10
9 2
10 1
11 2
12 3
13 21
14 21
15 1
16 21
17 1
18 1
19 1
20 3
21 12
22 4
23 1
24 1
25 9
26 1
27 1
28 7
29 7
30 4
31 10
32 4
33 2
34 4
35 1
36 3
37 2
38 1
39 5
40 6
41 6
42 10
43 1
44 10
45 1
46 1
47 3
48 3
49 1
50 2
51 3
52 12
53 8
54 12
55 8
56 1
57 10
58 4
59 4
60 21
61 3
62 6
63 2
64 5
65 4
66 4
67 2
68 5
69 2
70 2
71 7
72 2
73 2
74 5
75 3
76 4
77 5
78 4
79 13
80 1
81 21
82 1
83 3
84 3
85 1
86 3
87 2
88 7
89 3
90 1
91 5
92 2
93 1
94 1
95 1
96 2
97 1
98 1
99 4
100 3
101 5
102 1
103 5
104 21
105 4
106 7
107 3
108 3
109 6
110 1
111 1
112 21
113 12
114 8
115 5
116 1
117 7
118 1
119 1
120 4
121 2
122 1
123 21
124 3
125 2
126 5
127 5
128 1
129 1
130 11
131 3
132 1
133 6
134 1
135 1
136 21
137 1
138 4
139 6
140 3
141 1
142 1
143 1
144 1
145 13
146 1
147 4
148 7
149 2
150 4
151 1
152 2
153 3
154 3
155 8
156 2
157 1
158 2
159 2
160 1
161 15
162 3
163 1
164 2
165 1
166 3
167 1
168 1
169 4
170 4
171 4
172 5
173 1
174 4
175 1
176 2
177 9
178 2
179 1
180 5
181 1
182 1
183 2
184 1
185 5
186 4
187 3
188 3
189 1
190 1
191 0
192 1
193 5
194 2
195 5
196 10
197 1
198 1
199 5
200 1
201 1
202 3
203 5
204 3
205 5
206 4
207 2
208 1
209 2
210 4
211 4
212 1
213 1
214 2
215 2
216 4
217 1
218 4
219 4
220 1
221 2
222 4
223 1
224 4
225 3
226 1
227 1
228 2
229 2
230 1
231 1
232 3
233 1
234 1
235 1
236 9
237 1
238 1
239 1
240 1
241 1
242 3
243 3
244 3
245 2
246 1
247 1
248 1
249 2
250 1
251 1
252 2
253 1
254 1
255 1
256 2
257 2
258 1
259 1
260 2
261 1
262 1
263 2
264 3
265 3
266 1
267 1
268 1
269 3
270 3
271 2
272 4
273 1
274 3
275 1
276 1
277 1
278 1
279 2
280 1
281 1
282 3
283 3
284 1
285 3
286 1
287 1
288 1
289 1
290 1
291 1
292 1
293 2
294 2
295 3
296 1
297 3
298 1
299 6
300 3
301 1
302 2
303 1
304 1
305 1
306 2
307 1
308 2
309 1
310 1
311 1
312 2
313 1
314 1
315 1
316 3
317 3
318 1
319 1
320 1
321 3
322 3
323 3
324 2
325 1
326 1
327 1
328 1
329 3
330 1
331 1
332 1
333 3
334 3
335 1
336 3
337 3
338 1
339 1
340 1
341 3
342 3
343 3
344 3
345 1
346 3
347 1
348 21
349 1
350 3
351 1
352 1
353 2
354 7
355 3
356 4
357 2
358 0
359 0
360 4
361 1
362 2
363 1
364 1
365 1
366 1
367 2
368 21
369 0
370 1
371 1
372 1
373 1
374 3
375 1
376 1
377 1
378 1
379 2
380 2
381 1
382 2
383 3
384 2
385 1
386 10
387 1
388 2
389 1
390 1
391 3
392 1
393 2
394 1
395 1
396 3
397 1
398 5
399 6
400 1
401 2
402 1
403 1
404 1
405 1
406 5
407 2
408 0
409 3
410 1
411 10
412 0
413 1
414 5
415 21
416 1
417 1
418 1
419 1
420 1
421 10
422 1
423 6
424 1
425 2
426 1
427 5
428 1
429 1
430 1
431 1
432 1
433 6
434 1
435 1
436 2
437 6
438 2
439 2
440 2
441 1
442 1
443 1
444 21
445 3
446 1
447 7
448 3
449 2
450 2
451 1
452 6
453 1
454 1
455 2
456 1
457 4
458 1
459 1
460 1
461 2
462 1
463 1
464 1
465 2
466 1
467 1
468 4
469 4
470 2
471 4
472 1
473 2
474 1
475 1
476 5
477 1
478 1
479 1
480 1
481 1
482 5
483 5
484 6
485 5
486 2
487 1
488 1
489 2
490 1
491 1
492 3
493 1
494 1
495 1
496 1
497 17
498 1
499 1
500 1
501 1
502 1
503 3
504 1
505 1
506 5
507 1
508 1
509 1
510 1
511 1
512 1
513 2
514 0
515 1
516 1
517 1
518 4
519 2
520 4
521 2
522 2
523 4
524 21
525 9
526 1
527 9
528 1
529 5
530 8
531 3
532 4
533 3
534 1
535 1
536 3
537 3
538 7
539 1
540 1
541 4
542 2
543 4
544 3
545 2
546 8
547 4
548 1
549 6
550 4
551 3
552 1
553 2
554 2
555 2
556 19
557 1
558 4
559 1
560 1
561 5
562 3
563 5
564 1
565 1
566 4
567 2
568 5
569 3
570 6
571 2
572 4
573 3
574 6
575 3
576 1
577 2
578 1
579 6
580 4
581 2
582 2
583 2
584 1
585 2
586 1
587 2
588 1
589 2
590 1
591 1
592 3
593 1
594 1
595 5
596 7
597 1
598 5
599 1
600 2
601 1
602 1
603 2
604 4
605 1
606 1
607 3
608 2
609 2
610 1
611 2
612 1
613 2
614 4
615 5
616 1
617 21
618 1
619 1
620 1
621 1
622 8
623 2
624 1
625 1
626 1
627 1
628 1
629 7
630 1
631 3
632 2
633 7
634 2
635 1
636 2
637 2
638 7
639 1
640 1
641 2
642 8
643 3
644 5
645 12
646 1
647 7
648 1
649 2
650 2
651 3
652 1
653 1
654 6
655 1
656 1
657 2
658 2
659 1
660 2
661 2
662 3
663 1
664 6
665 4
666 1
667 1
668 5
669 1
670 2
671 5
672 5
673 2
674 3
675 1
676 2
677 2
678 2
679 2
680 1
681 2
682 3
683 1
684 1
685 4
686 1
687 2
688 2
689 2
690 2
691 3
692 1
693 1
694 2
695 2
696 6
697 1
698 2
699 1
700 7
701 8
702 6
703 3
704 1
705 3
706 1
707 18
708 1
709 1
710 2
711 3
712 0
713 1
714 1
715 1
716 1
717 3
718 5
719 3
720 1
721 2
722 10
723 2
724 2
725 1
726 6
727 1
728 5
729 5
730 1
731 1
732 7
733 2
734 2
735 2
736 2
737 2
738 1
739 1
740 4
741 1
742 10
743 12
744 4
745 3
746 1
747 1
748 1
749 1
750 1
751 2
752 7
753 1
754 1
755 0
756 1
757 4
758 1
759 1
760 2
761 4
762 5
763 5
764 1
765 1
766 2
767 1
768 1
769 2
770 6
771 20
772 1
773 2
774 2
775 2
776 1
777 1
778 1
779 2
780 2
781 6
782 8
783 4
784 1
785 1
786 1
787 1
788 5
789 5
790 1
791 5
792 4
793 1
794 11
795 5
796 3
797 2
798 2
799 2
800 2
801 2
802 6
803 1
804 8
805 1
806 1
807 1
808 3
809 3
810 9
811 5
812 4
813 2
814 2
815 5
816 1
817 11
818 1
819 3
820 5
821 2
822 1
823 4
824 6
825 3
826 1
827 4
828 1
829 9
830 1
831 2
832 2
833 2
834 2
835 2
836 3
837 5
838 1
839 1
840 1
841 2
842 1
843 2
844 5
845 14
846 4
847 1
848 2
849 1
850 2
851 1
852 2
853 1
854 2
855 1
856 4
857 2
858 2
859 2
860 4
861 1
862 1
863 3
864 5
865 3
866 13
867 1
868 4
869 1
870 3
871 1
872 3
873 1
874 1
875 3
876 2
877 3
878 5
879 9
880 9
881 2
882 5
883 1
884 2
885 4
886 3
887 1
888 2
889 3
890 4
891 1
892 4
893 7
894 11
895 4
896 21
897 6
898 4
899 5
900 1
901 4
902 6
903 1
904 1
905 6
906 1
907 1
908 1
909 7
910 3
911 1
912 0
913 4
914 1
915 1
916 1
917 2
918 2
919 10
920 4
921 1
922 2
923 1
924 1
925 4
926 1
927 1
928 6
929 3
930 2
931 2
932 2
933 1
934 3
935 2
936 7
937 2
938 1
939 2
940 3
941 1
942 2
943 1
944 1
945 1
946 2
947 3
948 5
949 1
950 2
951 3
952 1
953 2
954 2
955 2
956 2
957 2
958 2
959 4
960 1
961 2
962 9
963 1
964 2
965 3
966 1
967 2
968 4
969 1
970 1
971 3
972 1
973 1
974 1
975 4
976 2
977 1
978 1
979 7
980 6
981 1
982 2
983 7
984 2
985 1
986 4
987 1
988 1
989 1
990 1
991 12
992 21
993 1
994 0
995 2
996 1
997 1
998 1
999 1
1000 1
1001 1
1002 1
1003 1
1004 3
1005 1
1006 1
1007 1
1008 1
1009 2
1010 5
1011 2
1012 5
1013 4
1014 1
1015 1
1016 21
1017 4
1018 1
1019 4
1020 4
1021 1
1022 1
1023 4
1024 3
1025 3
1026 1
1027 3
1028 1
1029 2
1030 3
1031 7
1032 1
1033 2
1034 6
1035 2
1036 3
1037 2
1038 1
1039 4
1040 1
1041 1
1042 1
1043 2
1044 5
1045 2
1046 2
1047 1
1048 1
1049 2
1050 5
1051 1
1052 2
1053 5
1054 1
1055 1
1056 2
1057 3
1058 1
1059 1
1060 2
1061 1
1062 1
1063 1
1064 1
1065 2
1066 4
1067 7
1068 1
1069 1
1070 2
1071 5
1072 1
1073 1
1074 1
1075 1
1076 1
1077 2
1078 5
1079 1
1080 4
1081 1
1082 4
1083 2
1084 3
1085 2
1086 4
1087 3
1088 1
1089 2
1090 1
1091 3
1092 5
1093 3
1094 1
1095 5
1096 3
1097 1
1098 2
1099 5
1100 1
1101 5
1102 21
1103 3
1104 1
1105 5
1106 5
1107 5
1108 6
1109 1
1110 1
1111 3
1112 4
1113 1
1114 2
1115 2
1116 1
1117 2
1118 1
1119 2
1120 3
1121 3
1122 2
1123 1
1124 0
1125 2
1126 2
1127 1
1128 1
1129 4
1130 6
1131 9
1132 1
1133 1
1134 5
1135 2
1136 4
1137 1
1138 4
1139 2
1140 2
1141 2
1142 6
1143 3
1144 3
1145 2
1146 3
1147 1
1148 8
1149 4
1150 3
1151 2
1152 3
1153 2
1154 3
1155 3
1156 1
1157 1
1158 2
1159 2
1160 1
1161 1
1162 2
1163 4
1164 5
1165 6
1166 1
1167 3
1168 8
1169 5
1170 3
1171 4
1172 1
1173 1
1174 1
1175 10
1176 4
1177 2
1178 6
1179 1
1180 3
1181 3
1182 4
1183 1
1184 1
1185 1
1186 3
1187 21
1188 1
1189 2
1190 6
1191 1
1192 1
1193 1
1194 2
1195 1
1196 1
1197 2
1198 4
1199 2
1200 4
1201 1
1202 1
1203 2
1204 3
1205 2
1206 7
1207 3
1208 2
1209 1
1210 1
1211 1
1212 4
1213 1
1214 2
1215 4
1216 3
1217 4
1218 3
1219 1
1220 1
1221 2
1222 4
1223 3
1224 1
1225 2
1226 1
1227 1
1228 2
1229 1
1230 7
1231 1
1232 5
1233 1
1234 5
1235 1
1236 1
1237 2
1238 1
1239 1
1240 5
1241 1
1242 6
1243 1
1244 5
1245 3
1246 6
1247 1
1248 4
1249 1
1250 2
1251 2
1252 3
1253 1
1254 2
1255 0
1256 1
1257 1
1258 1
1259 5
1260 1
1261 5
1262 3
1263 1
1264 5
1265 1
1266 1
1267 1
1268 1
1269 1
1270 1
1271 1
1272 6
1273 1
1274 6
1275 1
1276 4
1277 3
1278 9
1279 4
1280 3
1281 2
1282 3
1283 1
1284 1
1285 2
1286 3
1287 2
1288 2
1289 1
1290 2
1291 2
1292 1
1293 2
1294 2
1295 1
1296 1
1297 9
1298 4
1299 2
1300 4
1301 2
1302 1
1303 1
1304 2
1305 2
1306 3
1307 2
1308 4
1309 5
1310 4
1311 2
1312 1
1313 7
1314 2
1315 2
1316 1
1317 1
1318 1
1319 11
1320 2
1321 1
1322 3
1323 9
1324 2
1325 4
1326 1
1327 6
1328 4
1329 1
1330 3
1331 3
1332 2
1333 6
1334 7
1335 1
1336 2
1337 2
1338 1
1339 2
1340 6
1341 6
1342 2
1343 9
1344 2
1345 5
1346 6
1347 1
1348 1
1349 1
1350 2
1351 8
1352 3
1353 1
1354 1
1355 1
1356 1
1357 11
1358 1
1359 1
1360 1
1361 1
1362 6
1363 1
1364 1
1365 1
1366 2
1367 1
1368 1
1369 3
1370 5
1371 5
1372 3
1373 4
1374 1
1375 1
1376 1
1377 3
1378 2
1379 8
1380 1
1381 4
1382 1
1383 1
1384 1
1385 6
1386 2
1387 2
1388 1
1389 1
1390 5
1391 3
1392 4
1393 6
1394 1
1395 2
1396 3
1397 1
1398 1
1399 1
1400 1
1401 4
1402 15
1403 4
1404 1
1405 1
1406 2
1407 1
1408 1
1409 2
1410 2
1411 6
1412 3
1413 6
1414 6
1415 8
1416 2
1417 1
1418 7
1419 3
1420 1
1421 3
1422 4
1423 7
1424 2
1425 1
1426 1
1427 4
1428 3
1429 2
1430 3
1431 5
1432 1
1433 1
1434 3
1435 2
1436 5
1437 7
1438 3
1439 2
1440 3
1441 5
1442 1
1443 1
1444 1
1445 7
1446 8
1447 2
1448 1
1449 3
1450 1
1451 6
1452 6
1453 3
1454 6
1455 1
1456 1
1457 2
1458 2
1459 6
1460 1
1461 1
1462 1
1463 1
1464 2
1465 2
1466 2
1467 1
1468 4
1469 1
1470 1
1471 2
1472 5
1473 1
1474 9
1475 21
1476 2
1477 4
1478 1
1479 6
1480 1
1481 1
1482 1
1483 1
1484 2
1485 5
1486 7
1487 1
1488 2
1489 1
1490 2
1491 1
1492 2
1493 2
1494 3
1495 3
1496 1
1497 1
1498 4
1499 2
1500 2
1501 1
1502 5
1503 5
1504 7
1505 2
1506 3
1507 2
1508 4
1509 6
1510 2
1511 6
1512 4
1513 2
1514 1
1515 1
1516 1
1517 3
1518 2
1519 6
1520 2
1521 1
1522 19
1523 14
1524 1
1525 3
1526 3
1527 5
1528 1
1529 2
1530 4
1531 6
1532 2
1533 3
1534 1
1535 2
1536 7
1537 4
1538 2
1539 5
1540 7
1541 7
1542 2
1543 4
1544 1
1545 2
1546 1
1547 3
1548 6
1549 2
1550 9
1551 10
1552 3
1553 3
1554 5
1555 2
1556 1
1557 6
1558 9
1559 5
1560 1
1561 2
1562 3
1563 7
1564 1
1565 6
1566 1
1567 1
1568 2
1569 2
1570 5
1571 6
1572 2
1573 1
1574 1
1575 1
1576 0
1577 1
1578 1
1579 1
1580 2
1581 4
1582 1
1583 7
1584 7
1585 5
1586 4
1587 5
1588 2
1589 4
1590 6
1591 1
1592 9
1593 5
1594 1
1595 1
1596 6
1597 5
1598 5
1599 1
1600 12
1601 1
1602 10
1603 4
1604 1
1605 3
1606 3
1607 7
1608 2
1609 5
1610 4
1611 2
1612 2
1613 2
1614 2
1615 1
1616 2
1617 2
1618 0
1619 4
1620 1
1621 3
1622 1
1623 2
1624 1
1625 6
1626 1
1627 5
1628 2
1629 4
1630 4
1631 8
1632 21
1633 4
1634 3
1635 3
1636 3
1637 1
1638 2
1639 5
1640 1
1641 2
1642 2
1643 6
1644 1
1645 4
1646 1
1647 2
1648 6
1649 7
1650 4
1651 7
1652 1
1653 1
1654 1
1655 5
1656 2
1657 2
1658 4
1659 2
1660 1
1661 7
1662 7
1663 2
1664 1
1665 3
1666 3
1667 2
1668 2
1669 6
1670 5
1671 3
1672 2
1673 5
1674 5
1675 1
1676 3
1677 1
1678 3
1679 1
1680 6
1681 1
1682 8
1683 2
1684 2
1685 2
1686 3
1687 1
1688 11
1689 2
1690 2
1691 1
1692 1
1693 1
1694 1
1695 1
1696 5
1697 2
1698 1
1699 3
1700 3
1701 1
1702 1
1703 7
1704 1
1705 1
1706 7
1707 7
1708 1
1709 2
1710 1
1711 3
1712 6
1713 7
1714 5
1715 6
1716 1
1717 6
1718 6
1719 6
1720 1
1721 7
1722 4
1723 2
1724 5
1725 8
1726 2
1727 5
1728 5
1729 3
1730 2
1731 1
1732 4
1733 3
1734 3
1735 1
1736 2
1737 4
1738 3
1739 3
1740 1
1741 0
1742 6
1743 7
1744 5
1745 4
1746 4
1747 2
1748 5
1749 1
1750 5
1751 2
1752 4
1753 4
1754 1
1755 5
1756 1
1757 1
1758 4
1759 1
1760 6
1761 3
1762 7
1763 2
1764 5
1765 1
1766 2
1767 2
1768 6
1769 6
1770 3
1771 4
1772 6
1773 2
1774 5
1775 1
1776 6
1777 1
1778 1
1779 2
1780 1
1781 3
1782 3
1783 2
1784 1
1785 4
1786 5
1787 1
1788 1
1789 2
1790 9
1791 6
1792 6
1793 5
1794 1
1795 2
1796 2
1797 1
1798 2
1799 3
1800 1
1801 2
1802 3
1803 2
1804 7
1805 1
1806 2
1807 2
1808 2
1809 7
1810 6
1811 6
1812 1
1813 6
1814 2
1815 3
1816 1
1817 9
1818 7
1819 7
1820 1
1821 3
1822 6
1823 6
1824 0
1825 3
1826 1
1827 6
1828 6
1829 7
1830 6
1831 6
1832 5
1833 5
1834 1
1835 5
1836 2
1837 5
1838 1
1839 7
1840 3
1841 2
1842 13
1843 1
1844 2
1845 2
1846 3
1847 4
1848 1
1849 1
1850 6
1851 1
1852 3
1853 4
1854 8
1855 3
1856 1
1857 2
1858 2
1859 6
1860 3
1861 6
1862 1
1863 21
1864 4
1865 2
1866 2
1867 1
1868 4
1869 1
1870 2
1871 2
1872 1
1873 6
1874 5
1875 5
1876 5
1877 6
1878 1
1879 1
1880 3
1881 3
1882 1
1883 7
1884 1
1885 1
1886 4
1887 1
1888 1
1889 1
1890 9
1891 2
1892 1
1893 2
1894 5
1895 1
1896 21
1897 3
1898 1
1899 8
1900 1
1901 3
1902 6
1903 2
1904 5
1905 3
1906 6
1907 2
1908 2
1909 8
1910 5
1911 2
1912 1
1913 1
1914 6
1915 1
1916 7
1917 11
1918 8
1919 13
1920 6
1921 3
1922 1
1923 1
1924 2
1925 2
1926 1
1927 1
1928 1
1929 4
1930 1
1931 1
1932 2
1933 17
1934 6
1935 1
1936 6
1937 1
1938 4
1939 2
1940 4
1941 1
1942 12
1943 6
1944 2
1945 1
1946 1
1947 4
1948 3
1949 1
1950 8
1951 5
1952 4
1953 1
1954 5
1955 1
1956 1
1957 6
1958 1
1959 2
1960 2
1961 1
1962 6
1963 1
1964 5
1965 7
1966 6
1967 1
1968 1
1969 1
1970 5
1971 6
1972 6
1973 2
1974 5
1975 2
1976 1
1977 7
1978 2
1979 4
1980 1
1981 1
1982 1
1983 7
1984 1
1985 1
1986 1
1987 1
1988 1
1989 3
1990 8
1991 1
1992 1
1993 6
1994 3
1995 11
1996 1
1997 1
1998 2
1999 2
2000 14
2001 1
2002 3
2003 3
2004 3
2005 1
2006 1
2007 4
2008 1
2009 3
2010 1
2011 6
2012 1
2013 1
2014 2
2015 2
2016 4
2017 2
2018 4
2019 1
2020 14
2021 1
2022 4
2023 4
2024 1
2025 5
2026 6
2027 3
2028 1
2029 4
2030 3
2031 8
2032 2
2033 1
2034 4
2035 2
2036 1
2037 3
2038 1
2039 2
2040 1
2041 10
2042 4
2043 1
2044 6
2045 1
2046 4
2047 7
2048 1
2049 1
2050 6
2051 6
2052 6
2053 2
2054 2
2055 1
2056 3
2057 2
2058 2
2059 3
2060 5
2061 3
2062 1
2063 2
2064 3
2065 1
2066 5
2067 2
2068 3
2069 3
2070 1
2071 1
2072 4
2073 1
2074 6
2075 1
2076 1
2077 1
2078 2
2079 2
2080 8
2081 1
2082 4
2083 4
2084 2
2085 2
2086 2
2087 1
2088 7
2089 2
2090 4
2091 4
2092 2
2093 2
2094 2
2095 5
2096 2
2097 1
2098 1
2099 2
2100 3
2101 4
2102 3
2103 2
2104 4
2105 1
2106 3
2107 6
2108 6
2109 5
2110 5
2111 1
2112 5
2113 1
2114 3
2115 7
2116 2
2117 1
2118 3
2119 1
2120 1
2121 1
2122 1
2123 2
2124 8
2125 19
2126 2
2127 2
2128 2
2129 2
2130 2
2131 1
2132 2
2133 7
2134 1
2135 2
2136 7
2137 4
2138 5
2139 2
2140 3
2141 2
2142 1
2143 1
2144 4
2145 9
2146 6
2147 12
2148 1
2149 2
2150 1
2151 2
2152 2
2153 2
2154 1
2155 2
2156 3
2157 4
2158 2
2159 3
2160 5
2161 2
2162 2
2163 3
2164 2
2165 2
2166 1
2167 2
2168 1
2169 1
2170 3
2171 2
2172 3
2173 1
2174 2
2175 3
2176 1
2177 1
2178 1
2179 1
2180 1
2181 2
2182 7
2183 1
2184 3
2185 1
2186 5
2187 6
2188 7
2189 2
2190 1
2191 6
2192 1
2193 1
2194 5
2195 0
2196 1
2197 1
2198 3
2199 2
2200 2
2201 2
2202 3
2203 1
2204 5
2205 4
2206 3
2207 1
2208 2
2209 1
2210 8
2211 8
2212 1
2213 1
2214 5
2215 1
2216 4
2217 1
2218 1
2219 1
2220 2
2221 4
2222 1
2223 1
2224 5
2225 7
2226 12
2227 2
2228 6
2229 1
2230 1
2231 2
2232 6
2233 1
2234 1
2235 7
2236 5
2237 1
2238 2
2239 1
2240 1
2241 4
2242 5
2243 1
2244 4
2245 2
2246 1
2247 2
2248 2
2249 2
2250 1
2251 1
2252 6
2253 2
2254 3
2255 1
2256 1
2257 2
2258 1
2259 1
2260 3
2261 5
2262 1
2263 4
2264 2
2265 1
2266 7
2267 1
2268 4
2269 4
2270 1
2271 2
2272 2
2273 8
2274 11
2275 2
2276 2
2277 9
2278 7
2279 1
2280 9
2281 4
2282 1
2283 14
2284 21
2285 1
2286 2
2287 2
2288 2
2289 2
2290 2
2291 2
2292 2
2293 2
2294 2
2295 2
2296 2
2297 2
2298 2
2299 2
2300 2
2301 1
2302 2
2303 1
2304 6
2305 5
2306 3
2307 6
2308 1
2309 1
2310 8
2311 2
2312 5
2313 2
2314 2
2315 2
2316 2
2317 2
2318 2
2319 2
2320 2
2321 2
2322 2
2323 2
2324 1
2325 2
2326 5
2327 21
2328 9
2329 7
2330 6
2331 9
2332 1
2333 6
2334 6
2335 2
2336 1
2337 1
2338 1
2339 1
2340 4
2341 6
2342 6
2343 13
2344 3
2345 9
2346 2
2347 1
2348 2
2349 4
2350 1
2351 2
2352 1
2353 1
2354 1
2355 1
2356 2
2357 6
2358 1
2359 3
2360 1
2361 2
2362 6
2363 3
2364 3
2365 1
2366 2
2367 4
2368 1
2369 13
2370 1
2371 4
2372 3
2373 3
2374 1
2375 1
2376 3
2377 1
2378 1
2379 3
2380 2
2381 1
2382 1
2383 2
2384 5
2385 6
2386 2
2387 8
2388 3
2389 1
2390 8
2391 1
2392 1
2393 6
2394 4
2395 3
2396 3
2397 7
2398 1
2399 3
2400 5
2401 1
2402 3
2403 2
2404 1
2405 2
2406 1
2407 4
2408 1
2409 1
2410 4
2411 1
2412 3
2413 1
2414 2
2415 4
2416 2
2417 7
2418 3
2419 6
2420 1
2421 7
2422 2
2423 1
2424 15
2425 6
2426 2
2427 2
2428 7
2429 1
2430 2
2431 1
2432 1
2433 2
2434 1
2435 1
2436 1
2437 2
2438 21
2439 1
2440 2
2441 4
2442 3
2443 3
2444 1
2445 4
2446 1
2447 1
2448 2
2449 6
2450 1
2451 1
2452 1
2453 3
2454 1
2455 10
2456 4
2457 8
2458 1
2459 1
2460 2
2461 1
2462 6
2463 1
2464 2
2465 1
2466 9
2467 1
2468 6
2469 7
2470 4
2471 1
2472 8
2473 1
2474 2
2475 12
2476 1
2477 2
2478 6
2479 4
2480 6
2481 6
2482 5
2483 4
2484 5
2485 6
2486 6
2487 1
2488 3
2489 8
2490 7
2491 1
2492 6
2493 2
2494 6
2495 2
2496 3
2497 3
2498 2
2499 5
2500 1
2501 9
2502 1
2503 1
2504 1
2505 1
2506 3
2507 1
2508 3
2509 5
2510 1
2511 3
2512 1
2513 4
2514 3
2515 1
2516 1
2517 1
2518 1
2519 2
2520 1
2521 1
2522 1
2523 1
2524 4
2525 3
2526 1
2527 3
2528 1
2529 1
2530 1
2531 1
2532 1
2533 3
2534 1
2535 6
2536 2
2537 3
2538 0
2539 1
2540 1
2541 1
2542 1
2543 1
2544 1
2545 1
2546 1
2547 2
2548 1
2549 1
2550 6
2551 4
2552 5
2553 5
2554 5
2555 1
2556 7
2557 2
2558 1
2559 1
2560 3
2561 1
2562 5
2563 1
2564 2
2565 2
2566 1
2567 4
2568 1
2569 2
2570 1
2571 2
2572 1
2573 1
2574 1
2575 3
2576 1
2577 5
2578 4
2579 1
2580 4
2581 1
2582 5
2583 6
2584 6
2585 2
2586 1
2587 1
2588 1
2589 1
2590 4
2591 2
2592 0
2593 2
2594 2
2595 21
2596 2
2597 6
2598 1
2599 1
2600 1
2601 1
2602 17
2603 4
2604 1
2605 1
2606 4
2607 1
2608 1
2609 3
2610 1
2611 2
2612 2
2613 1
2614 1
2615 2
2616 2
2617 2
2618 2
2619 2
2620 2
2621 2
2622 2
2623 2
2624 2
2625 2
2626 2
2627 2
2628 2
2629 2
2630 2
2631 2
2632 2
2633 2
2634 7
2635 2
2636 5
2637 2
2638 3
2639 1
2640 6
2641 2
2642 2
2643 2
2644 1
2645 1
2646 1
2647 1
2648 4
2649 1
2650 7
2651 1
2652 3
2653 3
2654 2
2655 1
2656 5
2657 6
2658 1
2659 1
2660 6
2661 1
2662 2
2663 6
2664 1
2665 4
2666 7
2667 1
2668 6
2669 1
2670 5
2671 1
2672 5
2673 2
2674 21
2675 3
2676 6
2677 4
2678 1
2679 1
2680 3
2681 4
2682 2
2683 2
2684 1
2685 1
2686 5
2687 2
2688 4
2689 1
2690 1
2691 1
2692 1
2693 5
2694 0
2695 3
2696 1
2697 3
2698 4
2699 1
2700 7
2701 3
2702 4
2703 2
2704 2
2705 4
2706 6
2707 1
2708 6
2709 2
2710 4
2711 5
2712 6
2713 1
2714 4
2715 2
2716 3
2717 1
2718 14
2719 6
2720 5
2721 1
2722 1
2723 2
2724 3
2725 0
2726 6
2727 3
2728 2
2729 1
2730 1
2731 2
2732 1
2733 1
2734 2
2735 1
2736 2
2737 1
2738 1
2739 2
2740 3
2741 2
2742 1
2743 2
2744 1
2745 1
2746 0
2747 5
2748 2
2749 3
2750 5
2751 5
2752 8
2753 1
2754 1
2755 1
2756 5
2757 2
2758 7
2759 1
2760 3
2761 2
2762 2
2763 2
2764 1
2765 1
2766 1
2767 2
2768 1
2769 1
2770 1
2771 1
2772 1
2773 1
2774 1
2775 1
2776 1
2777 1
2778 1
2779 4
2780 5
2781 1
2782 5
2783 1
2784 4
2785 1
2786 6
2787 1
2788 1
2789 2
2790 6
2791 1
2792 1
2793 3
2794 4
2795 0
2796 21
2797 3
2798 1
2799 10
2800 1
2801 3
2802 2
2803 2
2804 1
2805 2
2806 4
2807 2
2808 1
2809 1
2810 1
2811 2
2812 4
2813 9
2814 2
2815 2
2816 2
2817 1
2818 5
2819 1
2820 2
2821 6
2822 1
2823 2
2824 1
2825 2
2826 1
2827 1
2828 3
2829 1
2830 1
2831 1
2832 1
2833 1
2834 2
2835 1
2836 2
2837 1
2838 1
2839 1
2840 1
2841 2
2842 4
2843 4
2844 21
2845 4
2846 2
2847 2
2848 1
2849 1
2850 2
2851 2
2852 5
2853 2
2854 7
2855 2
2856 2
2857 1
2858 2
2859 2
2860 8
2861 1
2862 7
2863 5
2864 3
2865 1
2866 1
2867 2
2868 1
2869 2
2870 1
2871 2
2872 2
2873 2
2874 6
2875 3
2876 2
2877 1
2878 2
2879 1
2880 1
2881 2
2882 2
2883 1
2884 1
2885 2
2886 2
2887 2
2888 2
2889 1
2890 1
2891 1
2892 1
2893 2
2894 2
2895 1
2896 2
2897 1
2898 1
2899 2
2900 1
2901 2
2902 2
2903 2
2904 1
2905 2
2906 2
2907 5
2908 10
2909 13
2910 2
2911 2
2912 1
2913 1
2914 7
2915 1
2916 1
2917 1
2918 4
2919 1
2920 0
2921 1
2922 1
2923 1
2924 1
2925 2
2926 1
2927 6
2928 1
2929 4
2930 1
2931 5
2932 2
2933 5
2934 2
2935 1
2936 1
2937 1
2938 2
2939 3
2940 5
2941 1
2942 1
2943 2
2944 2
2945 2
2946 1
2947 2
2948 2
2949 2
2950 1
2951 2
2952 4
2953 2
2954 2
2955 1
2956 2
2957 5
2958 2
2959 2
2960 1
2961 2
2962 3
2963 2
2964 2
2965 4
2966 2
2967 1
2968 3
2969 5
2970 6
2971 1
2972 2
2973 1
2974 1
2975 2
2976 2
2977 2
2978 4
2979 2
2980 5
2981 3
2982 1
2983 2
2984 2
2985 1
2986 2
2987 2
2988 2
2989 6
2990 2
2991 1
2992 2
2993 1
2994 2
2995 1
2996 1
2997 1
2998 2
2999 2
3000 2
3001 1
3002 1
3003 2
3004 1
3005 1
3006 2
3007 2
3008 1
3009 1
3010 2
3011 1
3012 2
3013 1
3014 3
3015 2
3016 4
3017 4
3018 2
3019 5
3020 2
3021 2
3022 2
3023 4
3024 1
3025 21
3026 2
3027 2
3028 1
3029 2
3030 2
3031 2
3032 3
3033 2
3034 2
3035 5
3036 2
3037 2
3038 1
3039 2
3040 2
3041 3
3042 5
3043 1
3044 2
3045 1
3046 1
3047 1
3048 3
3049 2
3050 1
3051 1
3052 2
3053 1
3054 2
3055 6
3056 2
3057 2
3058 1
3059 2
3060 1
3061 2
3062 1
3063 1
3064 1
3065 2
3066 1
3067 3
3068 4
3069 6
3070 2
3071 2
3072 3
3073 1
3074 7
3075 1
3076 4
3077 2
3078 1
3079 1
3080 2
3081 2
3082 1
3083 2
3084 2
3085 1
3086 1
3087 4
3088 1
3089 2
3090 0
3091 2
3092 1
3093 1
3094 2
3095 2
3096 2
3097 1
3098 1
3099 1
3100 2
3101 1
3102 3
3103 4
3104 2
3105 2
3106 2
3107 2
3108 2
3109 2
3110 5
3111 6
3112 1
3113 1
3114 2
3115 1
3116 2
3117 1
3118 1
3119 1
3120 1
3121 1
3122 11
3123 0
3124 1
3125 4
3126 1
3127 3
3128 1
3129 1
3130 1
3131 2
3132 1
3133 2
3134 2
3135 2
3136 2
3137 2
3138 18
3139 2
3140 2
3141 1
3142 2
3143 2
3144 2
3145 2
3146 2
3147 4
3148 2
3149 2
3150 2
3151 2
3152 14
3153 3
3154 3
3155 2
3156 3
3157 2
3158 1
3159 0
3160 2
3161 1
3162 1
3163 2
3164 8
3165 1
3166 2
3167 1
3168 2
3169 4
3170 5
3171 1
3172 3
3173 7
3174 1
3175 1
3176 1
3177 2
3178 2
3179 1
3180 2
3181 5
3182 2
3183 1
3184 1
3185 2
3186 1
3187 5
3188 1
3189 2
3190 2
3191 2
3192 1
3193 2
3194 2
3195 1
3196 2
3197 2
3198 1
3199 1
3200 2
3201 2
3202 2
3203 3
3204 2
3205 2
3206 2
3207 2
3208 5
3209 4
3210 2
3211 3
3212 3
3213 2
3214 2
3215 1
3216 4
3217 2
3218 1
3219 2
3220 2
3221 5
3222 2
3223 4
3224 1
3225 3
3226 2
3227 2
3228 2
3229 4
3230 1
3231 1
3232 1
3233 3
3234 1
3235 1
3236 2
3237 1
3238 2
3239 2
3240 1
3241 3
3242 6
3243 2
3244 3
3245 5
3246 1
3247 2
3248 2
3249 1
3250 2
3251 1
3252 1
3253 2
3254 1
3255 4
3256 1
3257 3
3258 2
3259 2
3260 2
3261 5
3262 1
3263 1
3264 1
3265 0
3266 1
3267 2
3268 1
3269 1
3270 2
3271 1
3272 4
3273 2
3274 2
3275 2
3276 2
3277 21
3278 2
3279 5
3280 1
3281 1
3282 2
3283 2
3284 2
3285 3
3286 3
3287 2
3288 2
3289 1
3290 2
3291 1
3292 1
3293 3
3294 1
3295 2
3296 2
3297 1
3298 5
3299 6
3300 3
3301 2
3302 0
3303 4
3304 6
3305 1
3306 2
3307 1
3308 1
3309 1
3310 3
3311 1
3312 2
3313 1
3314 1
3315 1
3316 1
3317 4
3318 1
3319 4
3320 6
3321 6
3322 6
3323 1
3324 6
3325 2
3326 1
3327 7
3328 1
3329 1
3330 1
3331 1
3332 3
3333 3
3334 1
3335 1
3336 1
3337 12
3338 1
3339 1
3340 1
3341 2
3342 2
3343 1
3344 1
3345 2
3346 2
3347 2
3348 2
3349 2
3350 1
3351 5
3352 5
3353 8
3354 2
3355 3
3356 1
3357 2
3358 3
3359 1
3360 2
3361 3
3362 2
3363 2
3364 1
3365 2
3366 4
3367 2
3368 2
3369 7
3370 1
3371 2
3372 2
3373 6
3374 1
3375 2
3376 12
3377 9
3378 3
3379 11
3380 1
3381 7
3382 1
3383 2
3384 2
3385 1
3386 2
3387 1
3388 2
3389 2
3390 1
3391 1
3392 1
3393 1
3394 3
3395 2
3396 1
3397 6
3398 2
3399 3
3400 1
3401 2
3402 2
3403 2
3404 2
3405 5
3406 6
3407 3
3408 2
3409 2
3410 4
3411 2
3412 1
3413 1
3414 1
3415 1
3416 2
3417 2
3418 2
3419 1
3420 2
3421 2
3422 2
3423 9
3424 4
3425 2
3426 1
3427 2
3428 2
3429 2
3430 2
3431 1
3432 2
3433 1
3434 1
3435 2
3436 3
3437 2
3438 1
3439 4
3440 6
3441 1
3442 2
3443 9
3444 1
3445 4
3446 2
3447 4
3448 6
3449 7
3450 2
3451 1
3452 5
3453 2
3454 4
3455 1
3456 1
3457 2
3458 1
3459 1
3460 3
3461 4
3462 2
3463 20
3464 21
3465 21
3466 21
3467 21
3468 21
3469 21
3470 2
3471 2
3472 4
3473 5
3474 3
3475 1
3476 2
3477 1
3478 1
3479 2
3480 1
3481 1
3482 2
3483 1
3484 2
3485 2
3486 3
3487 2
3488 2
3489 3
3490 2
3491 4
3492 3
3493 2
3494 7
3495 1
3496 2
3497 1
3498 1
3499 6
3500 4
3501 2
3502 1
3503 4
3504 1
3505 2
3506 1
3507 1
3508 2
3509 2
3510 2
3511 2
3512 3
3513 2
3514 5
3515 4
3516 1
3517 2
3518 2
3519 4
3520 4
3521 2
3522 2
3523 2
3524 4
3525 9
3526 2
3527 1
3528 7
3529 5
3530 3
3531 11
3532 1
3533 2
3534 4
3535 2
3536 2
3537 2
3538 2
3539 8
3540 2
3541 2
3542 1
3543 2
3544 5
3545 9
3546 2
3547 4
3548 3
3549 2
3550 1
3551 2
3552 2
3553 1
3554 2
3555 21
3556 1
3557 2
3558 4
3559 1
3560 1
3561 1
3562 1
3563 2
3564 6
3565 5
3566 1
3567 2
3568 4
3569 2
3570 3
3571 2
3572 2
3573 2
3574 4
3575 1
3576 4
3577 1
3578 3
3579 1
3580 1
3581 1
3582 2
3583 4
3584 4
3585 4
3586 6
3587 1
3588 1
3589 6
3590 1
3591 1
3592 8
3593 5
3594 1
3595 6
3596 1
3597 4
3598 7
3599 1
3600 1
3601 2
3602 2
3603 11
3604 1
3605 12
3606 3
3607 2
3608 6
3609 4
3610 4
3611 2
3612 3
3613 7
3614 2
3615 5
3616 4
3617 2
3618 1
3619 5
3620 2
3621 1
3622 3
3623 1
3624 4
3625 1
3626 2
3627 2
3628 3
3629 2
3630 7
3631 2
3632 4
3633 4
3634 1
3635 1
3636 6
3637 1
3638 1
3639 1
3640 6
3641 2
3642 21
3643 2
3644 4
3645 2
3646 7
3647 1
3648 6
3649 2
3650 21
3651 6
3652 2
3653 3
3654 3
3655 1
3656 2
3657 2
3658 1
3659 4
3660 1
3661 1
3662 3
3663 3
3664 4
3665 2
3666 2
3667 1
3668 1
3669 3
3670 4
3671 2
3672 3
3673 3
3674 2
3675 1
3676 6
3677 1
3678 12
3679 2
3680 2
3681 5
3682 2
3683 6
3684 4
3685 1
3686 1
3687 1
3688 4
3689 1
3690 3
3691 3
3692 7
3693 3
3694 2
3695 3
3696 6
3697 2
3698 5
3699 1
3700 1
3701 3
3702 6
3703 1
3704 1
3705 1
3706 1
3707 2
3708 3
3709 4
3710 3
3711 1
3712 16
3713 2
3714 1
3715 4
3716 4
3717 6
3718 3
3719 19
3720 1
3721 16
3722 1
3723 1
3724 1
3725 1
3726 3
3727 1
3728 1
3729 2
3730 3
3731 3
3732 1
3733 2
3734 2
3735 4
3736 3
3737 5
3738 1
3739 6
3740 3
3741 1
3742 2
3743 4
3744 1
3745 1
3746 4
3747 4
3748 4
3749 3
3750 1
3751 1
3752 5
3753 1
3754 5
3755 1
3756 6
3757 3
3758 3
3759 2
3760 4
3761 1
3762 2
3763 1
3764 1
3765 10
3766 1
3767 6
3768 10
3769 3
3770 2
3771 7
3772 2
3773 1
3774 1
3775 5
3776 1
3777 1
3778 2
3779 5
3780 1
3781 2
3782 1
3783 8
3784 1
3785 7
3786 3
3787 3
3788 7
3789 1
3790 1
3791 1
3792 1
3793 1
3794 0
3795 1
3796 1
3797 8
3798 10
3799 1
3800 3
3801 1
3802 2
3803 5
3804 1
3805 3
3806 1
3807 1
3808 1
3809 6
3810 21
3811 1
3812 1
3813 2
3814 3
3815 5
3816 1
3817 1
3818 2
3819 1
3820 1
3821 3
3822 21
3823 17
3824 1
3825 5
3826 1
3827 1
3828 2
3829 15
3830 21
3831 1
3832 4
3833 21
3834 5
3835 3
3836 7
3837 5
3838 1
3839 21
3840 5
3841 5
3842 3
3843 0
3844 2
3845 2
3846 6
3847 4
3848 3
3849 1
3850 1
3851 15
3852 4
3853 1
3854 1
3855 19
3856 1
3857 5
3858 2
3859 2
3860 1
3861 6
3862 1
3863 1
3864 1
3865 1
3866 1
3867 1
3868 1
3869 1
3870 1
3871 4
3872 10
3873 5
3874 2
3875 1
3876 4
3877 1
3878 2
3879 2
3880 1
3881 3
3882 2
3883 5
3884 4
3885 3
3886 4
3887 1
3888 3
3889 8
3890 1
3891 1
3892 1
3893 1
3894 0
3895 1
3896 4
3897 1
3898 1
3899 1
3900 4
3901 1
3902 2
3903 1
3904 1
3905 1
3906 1
3907 10
3908 1
3909 1
3910 0
3911 0
3912 1
3913 5
3914 1
3915 1
3916 1
3917 4
3918 1
3919 2
3920 2
3921 7
3922 5
3923 19
3924 7
3925 1
3926 1
3927 6
3928 3
3929 16
3930 3
3931 1
3932 4
3933 11
3934 5
3935 21
3936 3
3937 1
3938 1
3939 1
3940 3
3941 1
3942 2
3943 9
3944 1
3945 5
3946 1
3947 2
3948 2
3949 5
3950 2
3951 1
3952 1
3953 3
3954 1
3955 2
3956 1
3957 6
3958 1
3959 1
3960 3
3961 6
3962 1
3963 5
3964 10
3965 2
3966 3
3967 4
3968 1
3969 11
3970 15
3971 2
3972 1
3973 13
3974 1
3975 8
3976 5
3977 2
3978 7
3979 7
3980 2
3981 3
3982 2
3983 4
3984 5
3985 9
3986 1
3987 1
3988 4
3989 1
3990 4
3991 1
3992 3
3993 4
3994 10
3995 1
3996 1
3997 1
3998 1
3999 20
4000 4
4001 10
4002 21
4003 8
4004 1
4005 2
4006 1
4007 1
4008 7
4009 4
4010 1
4011 1
4012 3
4013 14
4014 4
4015 1
4016 3
4017 9
4018 4
4019 1
4020 5
4021 6
4022 2
4023 2
4024 3
4025 1
4026 5
4027 9
4028 3
4029 3
4030 2
4031 2
4032 3
4033 7
4034 2
4035 1
4036 1
4037 1
4038 2
4039 2
4040 3
4041 2
4042 1
4043 1
4044 1
4045 21
4046 7
4047 5
4048 2
4049 5
4050 1
4051 4
4052 3
4053 5
4054 1
4055 4
4056 5
4057 2
4058 4
4059 1
4060 0
4061 1
4062 3
4063 6
4064 1
4065 1
4066 1
4067 4
4068 1
4069 1
4070 1
4071 1
4072 1
4073 1
4074 0
4075 4
4076 5
4077 1
4078 1
4079 17
4080 7
4081 2
4082 21
4083 1
4084 2
4085 6
4086 1
4087 1
4088 3
4089 4
4090 1
4091 1
4092 1
4093 7
4094 4
4095 1
4096 4
4097 2
4098 2
4099 5
4100 10
4101 2
4102 2
4103 1
4104 3
4105 1
4106 1
4107 1
4108 1
4109 1
4110 21
4111 1
4112 3
4113 1
4114 1
4115 2
4116 1
4117 1
4118 4
4119 3
4120 21
4121 5
4122 4
4123 3
4124 1
4125 1
4126 4
4127 1
4128 1
4129 1
4130 1
4131 1
4132 1
4133 5
4134 1
4135 1
4136 1
4137 1
4138 1
4139 1
4140 1
4141 4
4142 3
4143 5
4144 11
4145 7
4146 8
4147 6
4148 3
4149 5
4150 4
4151 1
4152 2
4153 1
4154 7
4155 3
4156 1
4157 2
4158 1
4159 1
4160 1
4161 2
4162 1
4163 1
4164 1
4165 1
4166 3
4167 4
4168 1
4169 6
4170 10
4171 1
4172 1
4173 3
4174 1
4175 1
4176 1
4177 2
4178 1
4179 6
4180 1
4181 2
4182 2
4183 1
4184 1
4185 1
4186 1
4187 6
4188 1
4189 1
4190 1
4191 1
4192 21
4193 2
4194 1
4195 4
4196 1
4197 1
4198 1
4199 5
4200 8
4201 4
4202 1
4203 1
4204 1
4205 1
4206 4
4207 4
4208 1
4209 4
4210 3
4211 4
4212 1
4213 2
4214 16
4215 21
4216 16
4217 21
4218 18
4219 21
4220 20
4221 8
4222 10
4223 5
4224 16
4225 0
4226 4
4227 2
4228 2
4229 2
4230 1
4231 2
4232 2
4233 6
4234 4
4235 3
4236 3
4237 1
4238 9
4239 8
4240 18
4241 5
4242 1
4243 1
4244 4
4245 3
4246 7
4247 1
4248 1
4249 6
4250 1
4251 5
4252 1
4253 6
4254 9
4255 2
4256 1
4257 7
4258 1
4259 4
4260 2
4261 6
4262 9
4263 1
4264 2
4265 1
4266 2
4267 3
4268 1
4269 2
4270 1
4271 2
4272 11
4273 1
4274 4
4275 1
4276 1
4277 3
4278 3
4279 2
4280 1
4281 1
4282 0
4283 6
4284 5
4285 1
4286 2
4287 12
4288 3
4289 5
4290 3
4291 1
4292 3
4293 9
4294 1
4295 1
4296 2
4297 1
4298 1
4299 7
4300 1
4301 1
4302 7
4303 6
4304 4
4305 1
4306 1
4307 1
4308 1
4309 1
4310 14
4311 15
4312 1
4313 8
4314 2
4315 5
4316 3
4317 5
4318 1
4319 3
4320 1
4321 6
4322 1
4323 4
4324 4
4325 7
4326 7
4327 3
4328 9
4329 1
4330 5
4331 1
4332 1
4333 1
4334 5
4335 1
4336 6
4337 2
4338 1
4339 6
4340 8
4341 21
4342 1
4343 1
4344 1
4345 5
4346 2
4347 5
4348 6
4349 1
4350 1
4351 7
4352 3
4353 1
4354 1
4355 1
4356 1
4357 1
4358 1
4359 1
4360 1
4361 1
4362 1
4363 1
4364 4
4365 1
4366 4
4367 1
4368 1
4369 1
4370 1
4371 0
4372 0
4373 3
4374 0
4375 1
4376 1
4377 6
4378 5
4379 5
4380 1
4381 7
4382 5
4383 8
4384 1
4385 1
4386 5
4387 1
4388 8
4389 1
4390 1
4391 7
4392 2
4393 2
4394 11
4395 3
4396 1
4397 1
4398 1
4399 6
4400 19
4401 1
4402 4
4403 1
4404 1
4405 1
4406 4
4407 7
4408 2
4409 1
4410 1
4411 4
4412 3
4413 3
4414 1
4415 1
4416 2
4417 1
4418 1
4419 5
4420 1
4421 3
4422 4
4423 2
4424 1
4425 4
4426 1
4427 3
4428 2
4429 21
4430 6
4431 1
4432 1
4433 6
4434 1
4435 1
4436 1
4437 1
4438 7
4439 1
4440 3
4441 1
4442 6
4443 1
4444 0
4445 7
4446 4
4447 3
4448 1
4449 1
4450 2
4451 1
4452 5
4453 1
4454 1
4455 12
4456 6
4457 17
4458 2
4459 1
4460 4
4461 1
4462 1
4463 2
4464 1
4465 1
4466 1
4467 2
4468 1
4469 1
4470 1
4471 1
4472 1
4473 1
4474 1
4475 5
4476 1
4477 5
4478 1
4479 3
4480 1
4481 1
4482 1
4483 1
4484 1
4485 1
4486 1
4487 1
4488 2
4489 21
4490 1
4491 1
4492 0
4493 0
4494 1
4495 1
4496 1
4497 2
4498 7
4499 1
4500 0
4501 2
4502 1
4503 1
4504 1
4505 21
4506 1
4507 1
4508 1
4509 1
4510 1
4511 1
4512 1
4513 1
4514 1
4515 6
4516 4
4517 1
4518 1
4519 1
4520 1
4521 1
4522 1
4523 2
4524 1
4525 1
4526 2
4527 21
4528 1
4529 1
4530 1
4531 2
4532 6
4533 4
4534 4
4535 5
4536 1
4537 1
4538 1
4539 3
4540 4
4541 2
4542 4
4543 8
4544 1
4545 2
4546 3
4547 1
4548 1
4549 10
4550 1
4551 9
4552 1
4553 1
4554 1
4555 3
4556 6
4557 7
4558 2
4559 4
4560 6
4561 5
4562 12
4563 2
4564 1
4565 1
4566 1
4567 1
4568 1
4569 1
4570 1
4571 5
4572 2
4573 1
4574 1
4575 2
4576 8
4577 3
4578 0
4579 1
4580 1
4581 1
4582 12
4583 4
4584 4
4585 2
4586 2
4587 1
4588 1
4589 4
4590 4
4591 1
4592 12
4593 1
4594 2
4595 21
4596 4
4597 4
4598 1
4599 3
4600 1
4601 15
4602 4
4603 18
4604 1
4605 4
4606 11
4607 5
4608 1
4609 2
4610 1
4611 1
4612 2
4613 8
4614 1
4615 4
4616 3
4617 3
4618 6
4619 1
4620 10
4621 2
4622 3
4623 2
4624 4
4625 2
4626 10
4627 3
4628 1
4629 1
4630 1
4631 1
4632 1
4633 1
4634 1
4635 10
4636 1
4637 5
4638 10
4639 2
4640 3
4641 4
4642 5
4643 1
4644 2
4645 6
4646 3
4647 1
4648 2
4649 1
4650 2
4651 12
4652 1
4653 1
4654 5
4655 2
4656 3
4657 1
4658 6
4659 3
4660 5
4661 2
4662 5
4663 2
4664 8
4665 1
4666 21
4667 2
4668 1
4669 1
4670 12
4671 21
4672 3
4673 7
4674 5
4675 1
4676 1
4677 3
4678 2
4679 2
4680 1
4681 1
4682 1
4683 1
4684 1
4685 1
4686 1
4687 21
4688 2
4689 1
4690 1
4691 1
4692 1
4693 1
4694 1
4695 1
4696 1
4697 1
4698 1
4699 1
4700 1
4701 5
4702 6
4703 21
4704 2
4705 4
4706 5
4707 1
4708 2
4709 13
4710 21
4711 3
4712 1
4713 1
4714 1
4715 5
4716 1
4717 3
4718 7
4719 3
4720 4
4721 13
4722 5
4723 6
4724 3
4725 13
4726 21
4727 3
4728 1
4729 1
4730 1
4731 7
4732 7
4733 1
4734 2
4735 3
4736 6
4737 1
4738 1
4739 1
4740 7
4741 1
4742 12
4743 1
4744 1
4745 1
4746 1
4747 2
4748 2
4749 6
4750 5
4751 2
4752 0
4753 7
4754 2
4755 1
4756 2
4757 1
4758 1
4759 1
4760 1
4761 6
4762 5
4763 3
4764 2
4765 6
4766 13
4767 4
4768 4
4769 1
4770 7
4771 4
4772 6
4773 2
4774 4
4775 2
4776 3
4777 1
4778 4
4779 8
4780 2
4781 2
4782 3
4783 1
4784 3
4785 2
4786 1
4787 3
4788 1
4789 2
4790 2
4791 2
4792 1
4793 4
4794 1
4795 3
4796 2
4797 2
4798 1
4799 1
4800 1
4801 1
4802 1
4803 1
4804 6
4805 2
4806 1
4807 1
4808 21
4809 1
4810 1
4811 7
4812 1
4813 3
4814 1
4815 1
4816 3
4817 3
4818 2
4819 1
4820 1
4821 6
4822 3
4823 5
4824 3
4825 1
4826 1
4827 1
4828 1
4829 1
4830 1
4831 1
4832 7
4833 3
4834 1
4835 1
4836 2
4837 7
4838 1
4839 2
4840 8
4841 1
4842 1
4843 1
4844 1
4845 1
4846 3
4847 1
4848 1
4849 8
4850 2
4851 5
4852 1
4853 2
4854 8
4855 5
4856 1
4857 1
4858 6
4859 1
4860 7
4861 5
4862 3
4863 1
4864 1
4865 5
4866 1
4867 4
4868 5
4869 6
4870 8
4871 1
4872 1
4873 1
4874 1
4875 1
4876 1
4877 1
4878 2
4879 3
4880 1
4881 1
4882 1
4883 1
4884 1
4885 1
4886 1
4887 10
4888 1
4889 1
4890 1
4891 1
4892 3
4893 1
4894 1
4895 1
4896 1
4897 1
4898 1
4899 1
4900 1
4901 21
4902 3
4903 1
4904 4
4905 1
4906 2
4907 1
4908 1
4909 3
4910 21
4911 1
4912 1
4913 1
4914 1
4915 1
4916 1
4917 1
4918 1
4919 1
4920 1
4921 2
4922 1
4923 1
4924 4
4925 3
4926 1
4927 1
4928 2
4929 2
4930 1
4931 4
4932 1
4933 1
4934 4
4935 1
4936 1
4937 1
4938 1
4939 8
4940 5
4941 8
4942 1
4943 4
4944 0
4945 2
4946 8
4947 1
4948 1
4949 1
4950 1
4951 1
4952 3
4953 1
4954 1
4955 1
4956 1
4957 2
4958 3
4959 7
4960 1
4961 1
4962 1
4963 4
4964 1
4965 1
4966 1
4967 3
4968 4
4969 1
4970 4
4971 1
4972 21
4973 3
4974 6
4975 8
4976 1
4977 1
4978 2
4979 3
4980 6
4981 1
4982 1
4983 1
4984 1
4985 21
4986 20
4987 1
4988 2
4989 1
4990 9
4991 3
4992 1
4993 1
4994 13
4995 1
4996 4
4997 5
4998 3
4999 1
5000 4
5001 2
5002 1
5003 6
5004 3
5005 5
5006 5
5007 3
5008 10
5009 5
5010 1
5011 6
5012 10
5013 6
5014 4
5015 3
5016 1
5017 1
5018 1
5019 4
5020 1
5021 6
5022 1
5023 4
5024 5
5025 5
5026 4
5027 1
5028 1
5029 3
5030 4
5031 4
5032 5
5033 6
5034 1
5035 1
5036 1
5037 1
5038 1
5039 2
5040 1
5041 1
5042 2
5043 1
5044 1
5045 1
5046 21
5047 21
5048 1
5049 3
5050 1
5051 1
5052 1
5053 1
5054 1
5055 1
5056 2
5057 3
5058 2
5059 1
5060 5
5061 21
5062 1
5063 1
5064 1
5065 1
5066 1
5067 1
5068 6
5069 1
5070 1
5071 1
5072 3
5073 3
5074 5
5075 1
5076 1
5077 1
5078 6
5079 1
5080 1
5081 1
5082 1
5083 1
5084 3
5085 1
5086 1
5087 2
5088 1
5089 2
5090 1
5091 5
5092 2
5093 9
5094 3
5095 1
5096 1
5097 1
5098 8
5099 3
5100 1
5101 1
5102 1
5103 1
5104 1
5105 1
5106 2
5107 2
5108 6
5109 8
5110 4
5111 1
5112 2
5113 14
5114 3
5115 1
5116 1
5117 1
5118 6
5119 1
5120 1
5121 1
5122 1
5123 7
5124 1
5125 1
5126 1
5127 2
5128 1
5129 1
5130 1
5131 1
5132 4
5133 1
5134 1
5135 3
5136 1
5137 1
5138 1
5139 4
5140 1
5141 2
5142 1
5143 1
5144 3
5145 4
5146 3
5147 3
5148 4
5149 1
5150 1
5151 1
5152 7
5153 5
5154 3
5155 1
5156 2
5157 1
5158 1
5159 1
5160 6
5161 6
5162 1
5163 1
5164 1
5165 1
5166 1
5167 6
5168 4
5169 17
5170 2
5171 7
5172 9
5173 3
5174 1
5175 5
5176 2
5177 1
5178 4
5179 3
5180 1
5181 1
5182 1
5183 5
5184 1
5185 3
5186 9
5187 1
5188 9
5189 2
5190 3
5191 5
5192 4
5193 1
5194 4
5195 4
5196 4
5197 5
5198 1
5199 2
5200 5
5201 2
5202 1
5203 1
5204 9
5205 2
5206 4
5207 3
5208 1
5209 1
5210 1
5211 1
5212 1
5213 1
5214 1
5215 1
5216 1
5217 1
5218 1
5219 1
5220 1
5221 2
5222 1
5223 13
5224 0
5225 0
5226 3
5227 1
5228 3
5229 10
5230 15
5231 2
5232 3
5233 1
5234 5
5235 6
5236 2
5237 2
5238 1
5239 1
5240 2
5241 14
5242 5
5243 6
5244 7
5245 1
5246 1
5247 1
5248 1
5249 3
5250 5
5251 17
5252 13
5253 7
5254 2
5255 3
5256 4
5257 2
5258 6
5259 1
5260 4
5261 2
5262 3
5263 5
5264 12
5265 2
5266 1
5267 21
5268 2
5269 5
5270 2
5271 4
5272 1
5273 1
5274 2
5275 1
5276 1
5277 1
5278 1
5279 3
5280 4
5281 1
5282 0
5283 1
5284 1
5285 2
5286 19
5287 8
5288 2
5289 1
5290 4
5291 2
5292 2
5293 2
5294 1
5295 4
5296 5
5297 1
5298 0
5299 4
5300 5
5301 2
5302 1
5303 2
5304 3
5305 1
5306 1
5307 1
5308 6
5309 4
5310 6
5311 6
5312 3
5313 6
5314 21
5315 5
5316 1
5317 2
5318 4
5319 5
5320 2
5321 10
5322 3
5323 6
5324 3
5325 4
5326 1
5327 2
5328 6
5329 1
5330 6
5331 1
5332 10
5333 5
5334 3
5335 3
5336 1
5337 3
5338 2
5339 1
5340 1
5341 1
5342 1
5343 1
5344 1
5345 1
5346 1
5347 1
5348 4
5349 1
5350 2
5351 1
5352 1
5353 3
5354 1
5355 9
5356 2
5357 2
5358 2
5359 3
5360 3
5361 4
5362 5
5363 3
5364 2
5365 9
5366 2
5367 2
5368 1
5369 4
5370 2
5371 3
5372 3
5373 2
5374 6
5375 6
5376 5
5377 7
5378 3
5379 3
5380 4
5381 3
5382 2
5383 8
5384 4
5385 6
5386 6
5387 5
5388 2
5389 1
5390 3
5391 4
5392 3
5393 1
5394 1
5395 5
5396 9
5397 6
5398 4
5399 5
5400 3
5401 4
5402 3
5403 2
5404 7
5405 0
5406 1
5407 4
5408 1
5409 1
5410 3
5411 2
5412 1
5413 1
5414 1
5415 2
5416 1
5417 1
5418 2
5419 2
5420 2
5421 2
5422 2
5423 2
5424 2
5425 2
5426 2
5427 1
5428 3
5429 3
5430 1
5431 2
5432 1
5433 4
5434 1
5435 3
5436 9
5437 8
5438 1
5439 1
5440 5
5441 2
5442 6
5443 3
5444 2
5445 6
5446 1
5447 4
5448 2
5449 1
5450 3
5451 2
5452 11
5453 1
5454 4
5455 2
5456 3
5457 2
5458 3
5459 2
5460 2
5461 1
5462 1
5463 2
5464 1
5465 1
5466 2
5467 5
5468 3
5469 1
5470 1
5471 1
5472 6
5473 4
5474 6
5475 2
5476 5
5477 2
5478 6
5479 5
5480 4
5481 4
5482 5
5483 2
5484 2
5485 6
5486 6
5487 1
5488 6
5489 6
5490 21
5491 3
5492 3
5493 4
5494 4
5495 2
5496 1
5497 4
5498 2
5499 2
5500 1
5501 6
5502 3
5503 1
5504 3
5505 4
5506 2
5507 3
5508 8
5509 4
5510 1
5511 4
5512 21
5513 5
5514 3
5515 5
5516 4
5517 2
5518 3
5519 7
5520 1
5521 5
5522 4
5523 2
5524 3
5525 2
5526 1
5527 3
5528 5
5529 1
5530 2
5531 2
5532 2
5533 1
5534 1
5535 8
5536 3
5537 3
5538 3
5539 1
5540 1
5541 1
5542 3
5543 3
5544 2
5545 2
5546 2
5547 1
5548 6
5549 1
5550 11
5551 3
5552 2
5553 13
5554 6
5555 2
5556 4
5557 2
5558 7
5559 6
5560 4
5561 1
5562 7
5563 0
5564 3
5565 1
5566 4
5567 10
5568 1
5569 6
5570 11
5571 6
5572 4
5573 1
5574 3
5575 3
5576 1
5577 5
5578 1
5579 5
5580 1
5581 1
5582 6
5583 2
5584 3
5585 3
5586 2
5587 1
5588 5
5589 3
5590 4
5591 3
5592 4
5593 2
5594 3
5595 4
5596 8
5597 2
5598 2
5599 6
5600 17
5601 1
5602 1
5603 4
5604 12
5605 6
5606 3
5607 7
5608 1
5609 3
5610 4
5611 4
5612 1
5613 1
5614 5
5615 7
5616 2
5617 2
5618 21
5619 10
5620 4
5621 5
5622 3
5623 1
5624 3
5625 2
5626 2
5627 1
5628 4
5629 2
5630 3
5631 5
5632 4
5633 1
5634 2
5635 2
5636 2
5637 5
5638 1
5639 4
5640 1
5641 3
5642 1
5643 1
5644 1
5645 1
5646 1
5647 1
5648 6
5649 4
5650 1
5651 1
5652 1
5653 1
5654 2
5655 2
5656 1
5657 1
5658 3
5659 1
5660 3
5661 6
5662 5
5663 3
5664 7
5665 5
5666 1
5667 6
5668 7
5669 4
5670 1
5671 4
5672 5
5673 3
5674 1
5675 3
5676 7
5677 19
5678 1
5679 1
5680 1
5681 1
5682 1
5683 11
5684 4
5685 1
5686 2
5687 5
5688 2
5689 5
5690 11
5691 7
5692 8
5693 6
5694 11
5695 17
5696 4
5697 2
5698 3
5699 1
5700 5
5701 2
5702 8
5703 2
5704 1
5705 2
5706 21
5707 2
5708 5
5709 1
5710 1
5711 4
5712 7
5713 7
5714 2
5715 2
5716 3
5717 7
5718 3
5719 2
5720 4
5721 6
5722 2
5723 12
5724 2
5725 6
5726 1
5727 4
5728 1
5729 4
5730 4
5731 4
5732 6
5733 7
5734 2
5735 1
5736 3
5737 14
5738 3
5739 10
5740 7
5741 1
5742 5
5743 9
5744 5
5745 5
5746 6
5747 4
5748 7
5749 2
5750 1
5751 4
5752 1
5753 2
5754 3
5755 5
5756 5
5757 4
5758 5
5759 2
5760 2
5761 2
5762 2
5763 3
5764 1
5765 2
5766 1
5767 1
5768 2
5769 3
5770 4
5771 4
5772 6
5773 3
5774 4
5775 11
5776 4
5777 4
5778 21
5779 6
5780 2
5781 2
5782 2
5783 2
5784 2
5785 1
5786 3
5787 21
5788 2
5789 13
5790 2
5791 4
5792 5
5793 1
5794 1
5795 3
5796 4
5797 1
5798 3
5799 1
5800 4
5801 9
5802 12
5803 3
5804 2
5805 7
5806 4
5807 2
5808 7
5809 6
5810 5
5811 9
5812 20
5813 4
5814 8
5815 6
5816 3
5817 4
5818 6
5819 1
5820 5
5821 2
5822 6
5823 1
5824 7
5825 6
5826 1
5827 6
5828 1
5829 1
5830 1
5831 1
5832 1
5833 8
5834 5
5835 4
5836 2
5837 7
5838 2
5839 1
5840 1
5841 2
5842 7
5843 7
5844 5
5845 1
5846 2
5847 8
5848 5
5849 3
5850 9
5851 3
5852 5
5853 1
5854 2
5855 3
5856 7
5857 2
5858 2
5859 6
5860 3
5861 2
5862 2
5863 3
5864 4
5865 3
5866 6
5867 2
5868 3
5869 6
5870 4
5871 3
5872 1
5873 1
5874 2
5875 3
5876 1
5877 1
5878 2
5879 4
5880 2
5881 7
5882 6
5883 4
5884 2
5885 5
5886 1
5887 3
5888 2
5889 5
5890 5
5891 17
5892 5
5893 1
5894 5
5895 1
5896 12
5897 1
5898 1
5899 5
5900 4
5901 3
5902 1
5903 1
5904 2
5905 3
5906 1
5907 4
5908 10
5909 1
5910 10
5911 3
5912 6
5913 6
5914 1
5915 3
5916 6
5917 2
5918 8
5919 1
5920 1
5921 21
5922 21
5923 2
5924 1
5925 1
5926 5
5927 9
5928 3
5929 3
5930 2
5931 4
5932 4
5933 2
5934 1
5935 3
5936 6
5937 6
5938 1
5939 2
5940 8
5941 11
5942 2
5943 1
5944 6
5945 2
5946 4
5947 2
5948 3
5949 16
5950 6
5951 5
5952 8
5953 6
5954 3
5955 4
5956 2
5957 2
5958 6
5959 3
5960 1
5961 4
5962 5
5963 21
5964 7
5965 7
5966 7
5967 3
5968 13
5969 8
5970 3
5971 5
5972 1
5973 2
5974 1
5975 1
5976 17
5977 5
5978 5
5979 3
5980 21
5981 2
5982 2
5983 2
5984 1
5985 15
5986 2
5987 1
5988 1
5989 2
5990 1
5991 4
5992 2
5993 4
5994 1
5995 2
5996 3
5997 4
5998 1
5999 8
6000 6
6001 11
6002 1
6003 5
6004 3
6005 1
6006 2
6007 7
6008 2
6009 0
6010 3
6011 4
6012 5
6013 6
6014 6
6015 8
6016 6
6017 5
6018 1
6019 6
6020 1
6021 1
6022 5
6023 2
6024 1
6025 1
6026 4
6027 6
6028 7
6029 4
6030 2
6031 5
6032 2
6033 7
6034 1
6035 4
6036 2
6037 5
6038 21
6039 1
6040 2
6041 5
6042 2
6043 5
6044 2
6045 1
6046 1
6047 5
6048 6
6049 5
6050 2
6051 1
6052 6
6053 5
6054 1
6055 1
6056 1
6057 3
6058 4
6059 1
6060 5
6061 2
6062 4
6063 4
6064 3
6065 14
6066 5
6067 6
6068 3
6069 1
6070 1
6071 15
6072 6
6073 2
6074 7
6075 3
6076 3
6077 5
6078 2
6079 0
6080 4
6081 4
6082 8
6083 1
6084 1
6085 1
6086 9
6087 6
6088 3
6089 4
6090 7
6091 1
6092 1
6093 3
6094 2
6095 4
6096 12
6097 3
6098 7
6099 5
6100 3
6101 5
6102 2
6103 2
6104 6
6105 7
6106 6
6107 1
6108 1
6109 2
6110 6
6111 6
6112 1
6113 1
6114 3
6115 4
6116 2
6117 3
6118 6
6119 1
6120 4
6121 1
6122 4
6123 3
6124 4
6125 2
6126 6
6127 7
6128 5
6129 8
6130 1
6131 1
6132 9
6133 6
6134 8
6135 8
6136 2
6137 3
6138 2
6139 6
6140 1
6141 9
6142 1
6143 4
6144 1
6145 1
6146 3
6147 3
6148 1
6149 1
6150 1
6151 11
6152 4
6153 2
6154 2
6155 2
6156 2
6157 2
6158 2
6159 2
6160 1
6161 7
6162 1
6163 3
6164 3
6165 1
6166 4
6167 7
6168 1
6169 1
6170 7
6171 21
6172 3
6173 2
6174 1
6175 8
6176 1
6177 3
6178 1
6179 4
6180 2
6181 4
6182 6
6183 1
6184 1
6185 1
6186 5
6187 1
6188 2
6189 1
6190 4
6191 2
6192 6
6193 9
6194 8
6195 4
6196 6
6197 1
6198 3
6199 1
6200 3
6201 2
6202 7
6203 1
6204 2
6205 4
6206 4
6207 2
6208 6
6209 1
6210 3
6211 1
6212 4
6213 4
6214 4
6215 1
6216 5
6217 21
6218 18
6219 3
6220 11
6221 9
6222 1
6223 1
6224 5
6225 2
6226 4
6227 1
6228 1
6229 2
6230 7
6231 4
6232 1
6233 4
6234 1
6235 1
6236 14
6237 3
6238 1
6239 3
6240 1
6241 3
6242 1
6243 3
6244 2
6245 3
6246 7
6247 1
6248 6
6249 2
6250 3
6251 6
6252 5
6253 3
6254 3
6255 10
6256 5
6257 4
6258 4
6259 1
6260 2
6261 3
6262 2
6263 4
6264 1
6265 1
6266 5
6267 1
6268 2
6269 3
6270 4
6271 3
6272 5
6273 5
6274 3
6275 5
6276 1
6277 1
6278 3
6279 1
6280 1
6281 2
6282 2
6283 21
6284 3
6285 1
6286 1
6287 1
6288 1
6289 3
6290 2
6291 2
6292 1
6293 1
6294 3
6295 4
6296 1
6297 2
6298 1
6299 2
6300 1
6301 0
6302 5
6303 8
6304 4
6305 1
6306 2
6307 1
6308 4
6309 3
6310 2
6311 3
6312 1
6313 6
6314 2
6315 3
6316 3
6317 0
6318 2
6319 7
6320 3
6321 1
6322 12
6323 10
6324 20
6325 1
6326 1
6327 1
6328 2
6329 1
6330 3
6331 1
6332 21
6333 8
6334 10
6335 4
6336 3
6337 5
6338 1
6339 3
6340 1
6341 7
6342 1
6343 3
6344 3
6345 6
6346 2
6347 5
6348 1
6349 1
6350 1
6351 3
6352 1
6353 2
6354 4
6355 1
6356 2
6357 14
6358 13
6359 1
6360 2
6361 3
6362 4
6363 2
6364 13
6365 11
6366 1
6367 3
6368 1
6369 1
6370 10
6371 1
6372 3
6373 4
6374 9
6375 8
6376 1
6377 1
6378 5
6379 6
6380 1
6381 1
6382 3
6383 4
6384 1
6385 7
6386 10
6387 2
6388 1
6389 20
6390 1
6391 3
6392 5
6393 6
6394 2
6395 5
6396 11
6397 4
6398 3
6399 1
6400 8
6401 1
6402 4
6403 3
6404 1
6405 7
6406 2
6407 1
6408 8
6409 4
6410 3
6411 1
6412 6
6413 5
6414 1
6415 1
6416 1
6417 1
6418 2
6419 1
6420 3
6421 4
6422 3
6423 1
6424 7
6425 4
6426 1
6427 1
6428 1
6429 6
6430 3
6431 3
6432 2
6433 1
6434 1
6435 1
6436 1
6437 21
6438 4
6439 3
6440 3
6441 9
6442 3
6443 6
6444 9
6445 1
6446 2
6447 1
6448 1
6449 1
6450 6
6451 4
6452 1
6453 2
6454 2
6455 1
6456 2
6457 5
6458 2
6459 4
6460 1
6461 3
6462 3
6463 1
6464 14
6465 1
6466 4
6467 4
6468 1
6469 2
6470 5
6471 1
6472 1
6473 7
6474 1
6475 4
6476 1
6477 1
6478 1
6479 1
6480 1
6481 1
6482 1
6483 3
6484 6
6485 5
6486 1
6487 1
6488 1
6489 3
6490 5
6491 9
6492 14
6493 1
6494 4
6495 21
6496 3
6497 3
6498 1
6499 1
6500 18
6501 2
6502 1
6503 3
6504 1
6505 1
6506 1
6507 1
6508 2
6509 2
6510 2
6511 2
6512 1
6513 1
6514 2
6515 1
6516 1
6517 2
6518 1
6519 2
6520 3
6521 1
6522 1
6523 1
6524 2
6525 1
6526 1
6527 6
6528 1
6529 1
6530 9
6531 2
6532 6
6533 3
6534 1
6535 1
6536 3
6537 1
6538 1
6539 1
6540 5
6541 5
6542 2
6543 6
6544 1
6545 1
6546 1
6547 8
6548 10
6549 8
6550 1
6551 1
6552 4
6553 3
6554 2
6555 1
6556 9
6557 4
6558 15
6559 2
6560 2
6561 2
6562 2
6563 2
6564 1
6565 1
6566 2
6567 8
6568 15
6569 4
6570 9
6571 1
6572 1
6573 1
6574 1
6575 2
6576 3
6577 1
6578 1
6579 1
6580 1
6581 1
6582 4
6583 3
6584 1
6585 1
6586 5
6587 1
6588 2
6589 5
6590 1
6591 3
6592 1
6593 1
6594 2
6595 1
6596 4
6597 1
6598 3
6599 5
6600 4
6601 21
6602 8
6603 1
6604 3
6605 3
6606 8
6607 2
6608 1
6609 1
6610 1
6611 3
6612 1
6613 6
6614 2
6615 4
6616 9
6617 8
6618 4
6619 1
6620 6
6621 4
6622 6
6623 4
6624 1
6625 6
6626 5
6627 5
6628 2
6629 1
6630 2
6631 1
6632 4
6633 1
6634 2
6635 1
6636 1
6637 4
6638 1
6639 3
6640 1
6641 1
6642 1
6643 2
6644 1
6645 2
6646 4
6647 2
6648 1
6649 3
6650 2
6651 1
6652 1
6653 1
6654 3
6655 2
6656 5
6657 2
6658 6
6659 1
6660 2
6661 1
6662 1
6663 3
6664 2
6665 2
6666 2
6667 5
6668 1
6669 1
6670 1
6671 1
6672 14
6673 3
6674 3
6675 3
6676 1
6677 5
6678 1
6679 4
6680 5
6681 11
6682 3
6683 6
6684 1
6685 4
6686 1
6687 6
6688 3
6689 4
6690 9
6691 1
6692 1
6693 1
6694 1
6695 1
6696 1
6697 1
6698 3
6699 6
6700 5
6701 3
6702 6
6703 1
6704 1
6705 1
6706 1
6707 1
6708 4
6709 3
6710 3
6711 5
6712 5
6713 2
6714 1
6715 2
6716 5
6717 5
6718 6
6719 1
6720 3
6721 2
6722 2
6723 1
6724 1
6725 1
6726 4
6727 19
6728 4
6729 5
6730 4
6731 1
6732 1
6733 1
6734 1
6735 1
6736 1
6737 12
6738 1
6739 2
6740 4
6741 1
6742 3
6743 1
6744 11
6745 2
6746 5
6747 21
6748 3
6749 3
6750 1
6751 1
6752 3
6753 3
6754 3
6755 12
6756 4
6757 4
6758 21
6759 4
6760 4
6761 6
6762 2
6763 17
6764 6
6765 8
6766 21
6767 3
6768 5
6769 3
6770 12
6771 3
6772 2
6773 16
6774 15
6775 4
6776 6
6777 4
6778 14
6779 3
6780 4
6781 13
6782 5
6783 21
6784 7
6785 21
6786 3
6787 19
6788 8
6789 6
6790 2
6791 6
6792 21
6793 2
6794 14
6795 5
6796 12
6797 10
6798 14
6799 8
6800 19
6801 12
6802 14
6803 18
6804 17
6805 7
6806 4
6807 14
6808 3
6809 12
6810 11
6811 6
6812 3
6813 21
6814 8
6815 12
6816 4
6817 3
6818 21
6819 21
6820 8
6821 3
6822 4
6823 8
6824 15
6825 7
6826 14
6827 16
6828 19
6829 3
6830 4
6831 3
6832 1
6833 7
6834 1
6835 5
6836 7
6837 15
6838 4
6839 2
6840 5
6841 7
6842 5
6843 1
6844 4
6845 1
6846 6
6847 6
6848 1
6849 3
6850 1
6851 3
6852 11
6853 1
6854 6
6855 1
6856 21
6857 2
6858 15
6859 1
6860 2
6861 1
6862 21
6863 4
6864 10
6865 1
6866 1
6867 3
6868 4
6869 1
6870 3
6871 4
6872 1
6873 1
6874 1
6875 1
6876 6
6877 1
6878 2
6879 2
6880 1
6881 2
6882 13
6883 2
6884 1
6885 4
6886 12
6887 1
6888 1
6889 2
6890 6
6891 5
6892 5
6893 3
6894 1
6895 1
6896 5
6897 6
6898 5
6899 1
6900 5
6901 3
6902 5
6903 5
6904 4
6905 1
6906 1
6907 6
6908 4
6909 21
6910 5
6911 1
6912 1
6913 5
6914 8
6915 1
6916 1
6917 1
6918 1
6919 1
6920 1
6921 4
6922 1
6923 5
6924 5
6925 3
6926 6
6927 4
6928 12
6929 1
6930 21
6931 2
6932 1
6933 1
6934 2
6935 2
6936 6
6937 1
6938 10
6939 5
6940 4
6941 2
6942 3
6943 3
6944 1
6945 4
6946 4
6947 3
6948 3
6949 21
6950 11
6951 4
6952 4
6953 1
6954 1
6955 4
6956 1
6957 5
6958 1
6959 8
6960 3
6961 7
6962 5
6963 4
6964 2
6965 1
6966 17
6967 7
6968 4
6969 2
6970 1
6971 21
6972 11
6973 1
6974 1
6975 2
6976 2
6977 5
6978 1
6979 1
6980 9
6981 3
6982 5
6983 5
6984 5
6985 6
6986 1
6987 3
6988 9
6989 6
6990 7
6991 5
6992 8
6993 3
6994 11
6995 3
6996 1
6997 4
6998 14
6999 6
7000 8
7001 7
7002 6
7003 6
7004 0
7005 2
7006 5
7007 21
7008 1
7009 3
7010 2
7011 10
7012 6
7013 2
7014 1
7015 5
7016 4
7017 5
7018 10
7019 10
7020 7
7021 5
7022 2
7023 3
7024 5
7025 5
7026 1
7027 5
7028 5
7029 3
7030 1
7031 5
7032 5
7033 5
7034 8
7035 5
7036 7
7037 9
7038 3
7039 5
7040 9
7041 1
7042 5
7043 2
7044 5
7045 2
7046 5
7047 4
7048 5
7049 21
7050 2
7051 1
7052 8
7053 5
7054 3
7055 1
7056 10
7057 8
7058 1
7059 2
7060 4
7061 5
7062 1
7063 1
7064 4
7065 5
7066 1
7067 9
7068 1
7069 4
7070 8
7071 1
7072 1
7073 3
7074 1
7075 1
7076 5
7077 2
7078 11
7079 5
7080 4
7081 2
7082 2
7083 3
7084 3
7085 1
7086 1
7087 5
7088 1
7089 2
7090 3
7091 13
7092 1
7093 1
7094 9
7095 3
7096 4
7097 8
7098 3
7099 5
7100 3
7101 1
7102 1
7103 5
7104 2
7105 6
7106 4
7107 3
7108 8
7109 2
7110 4
7111 2
7112 5
7113 1
7114 2
7115 4
7116 3
7117 2
7118 4
7119 1
7120 1
7121 1
7122 1
7123 8
7124 21
7125 3
7126 2
7127 2
7128 6
7129 1
7130 2
7131 2
7132 17
7133 1
7134 5
7135 6
7136 3
7137 1
7138 1
7139 3
7140 3
7141 11
7142 5
7143 21
7144 1
7145 2
7146 2
7147 5
7148 3
7149 4
7150 3
7151 6
7152 3
7153 3
7154 1
7155 21
7156 6
7157 5
7158 7
7159 2
7160 4
7161 1
7162 3
7163 1
7164 7
7165 2
7166 1
7167 2
7168 6
7169 2
7170 3
7171 7
7172 4
7173 2
7174 1
7175 2
7176 2
7177 3
7178 3
7179 2
7180 2
7181 6
7182 1
7183 2
7184 4
7185 3
7186 3
7187 6
7188 1
7189 4
7190 3
7191 5
7192 1
7193 3
7194 2
7195 5
7196 3
7197 3
7198 5
7199 2
7200 1
7201 2
7202 2
7203 2
7204 5
7205 21
7206 1
7207 4
7208 1
7209 3
7210 2
7211 1
7212 2
7213 9
7214 1
7215 6
7216 5
7217 1
7218 3
7219 1
7220 5
7221 1
7222 1
7223 1
7224 21
7225 2
7226 2
7227 3
7228 1
7229 2
7230 3
7231 1
7232 2
7233 1
7234 2
7235 5
7236 1
7237 1
7238 0
7239 4
7240 5
7241 3
7242 3
7243 1
7244 11
7245 3
7246 4
7247 1
7248 4
7249 2
7250 2
7251 1
7252 1
7253 2
7254 2
7255 2
7256 1
7257 5
7258 1
7259 1
7260 3
7261 1
7262 4
7263 1
7264 2
7265 2
7266 6
7267 1
7268 5
7269 2
7270 5
7271 1
7272 2
7273 1
7274 1
7275 4
7276 4
7277 6
7278 1
7279 1
7280 2
7281 4
7282 21
7283 1
7284 1
7285 1
7286 3
7287 2
7288 3
7289 6
7290 1
7291 4
7292 2
7293 1
7294 6
7295 2
7296 5
7297 4
7298 5
7299 1
7300 4
7301 5
7302 4
7303 2
7304 1
7305 1
7306 5
7307 2
7308 4
7309 4
7310 6
7311 13
7312 1
7313 2
7314 5
7315 5
7316 6
7317 5
7318 1
7319 6
7320 4
7321 6
7322 5
7323 3
7324 8
7325 5
7326 3
7327 5
7328 6
7329 5
7330 2
7331 2
7332 3
7333 4
7334 1
7335 3
7336 4
7337 6
7338 4
7339 1
7340 5
7341 5
7342 3
7343 3
7344 1
7345 3
7346 5
7347 5
7348 3
7349 2
7350 1
7351 5
7352 2
7353 0
7354 5
7355 2
7356 2
7357 1
7358 2
7359 2
7360 5
7361 5
7362 5
7363 5
7364 5
7365 5
7366 2
7367 6
7368 5
7369 5
7370 4
7371 3
7372 2
7373 3
7374 1
7375 5
7376 1
7377 6
7378 1
7379 5
7380 6
7381 21
7382 5
7383 2
7384 6
7385 6
7386 11
7387 5
7388 5
7389 2
7390 3
7391 6
7392 5
7393 1
7394 1
7395 5
7396 5
7397 5
7398 1
7399 5
7400 2
7401 1
7402 8
7403 1
7404 7
7405 3
7406 6
7407 1
7408 1
7409 4
7410 5
7411 20
7412 6
7413 5
7414 5
7415 5
7416 6
7417 6
7418 1
7419 5
7420 1
7421 5
7422 5
7423 5
7424 5
7425 5
7426 7
7427 1
7428 5
7429 3
7430 3
7431 2
7432 5
7433 5
7434 2
7435 5
7436 6
7437 5
7438 5
7439 1
7440 2
7441 3
7442 4
7443 5
7444 8
7445 1
7446 1
7447 2
7448 7
7449 7
7450 2
7451 3
7452 4
7453 21
7454 1
7455 1
7456 1
7457 7
7458 1
7459 10
7460 7
7461 1
7462 1
7463 3
7464 4
7465 4
7466 3
7467 5
7468 5
7469 5
7470 5
7471 5
7472 21
7473 1
7474 5
7475 2
7476 2
7477 9
7478 1
7479 21
7480 6
7481 1
7482 2
7483 1
7484 2
7485 3
7486 4
7487 3
7488 1
7489 1
7490 4
7491 1
7492 5
7493 2
7494 4
7495 5
7496 5
7497 5
7498 2
7499 2
7500 2
7501 1
7502 6
7503 1
7504 1
7505 3
7506 2
7507 3
7508 1
7509 5
7510 3
7511 7
7512 10
7513 21
7514 5
7515 5
7516 1
7517 5
7518 5
7519 5
7520 5
7521 5
7522 5
7523 6
7524 21
7525 5
7526 4
7527 2
7528 3
7529 1
7530 2
7531 6
7532 1
7533 5
7534 2
7535 4
7536 3
7537 5
7538 1
7539 5
7540 6
7541 5
7542 5
7543 5
7544 5
7545 5
7546 5
7547 5
7548 1
7549 3
7550 1
7551 21
7552 2
7553 1
7554 4
7555 2
7556 5
7557 3
7558 5
7559 21
7560 7
7561 4
7562 9
7563 4
7564 2
7565 1
7566 4
7567 4
7568 2
7569 3
7570 1
7571 4
7572 4
7573 5
7574 8
7575 3
7576 6
7577 4
7578 3
7579 1
7580 5
7581 4
7582 6
7583 3
7584 2
7585 5
7586 1
7587 3
7588 6
7589 9
7590 5
7591 1
7592 5
7593 5
7594 5
7595 5
7596 5
7597 5
7598 3
7599 5
7600 2
7601 19
7602 4
7603 4
7604 4
7605 5
7606 5
7607 3
7608 17
7609 5
7610 8
7611 4
7612 1
7613 2
7614 1
7615 2
7616 2
7617 2
7618 3
7619 3
7620 3
7621 7
7622 1
7623 1
7624 5
7625 1
7626 3
7627 8
7628 4
7629 1
7630 1
7631 1
7632 3
7633 5
7634 7
7635 6
7636 21
7637 10
7638 7
7639 2
7640 5
7641 5
7642 1
7643 3
7644 2
7645 3
7646 3
7647 3
7648 3
7649 7
7650 5
7651 4
7652 4
7653 1
7654 5
7655 7
7656 1
7657 6
7658 1
7659 4
7660 3
7661 2
7662 4
7663 1
7664 2
7665 1
7666 1
7667 1
7668 1
7669 7
7670 1
7671 2
7672 1
7673 2
7674 1
7675 8
7676 5
7677 1
7678 5
7679 3
7680 1
7681 5
7682 2
7683 2
7684 1
7685 1
7686 1
7687 3
7688 14
7689 1
7690 14
7691 9
7692 1
7693 2
7694 7
7695 2
7696 2
7697 1
7698 21
7699 1
7700 3
7701 1
7702 2
7703 3
7704 1
7705 2
7706 1
7707 1
7708 1
7709 3
7710 1
7711 5
7712 2
7713 1
7714 1
7715 7
7716 1
7717 2
7718 2
7719 21
7720 5
7721 1
7722 1
7723 1
7724 1
7725 1
7726 1
7727 1
7728 1
7729 1
7730 1
7731 7
7732 8
7733 1
7734 8
7735 1
7736 1
7737 1
7738 1
7739 2
7740 2
7741 21
7742 5
7743 1
7744 1
7745 21
7746 1
7747 2
7748 3
7749 1
7750 7
7751 6
7752 21
7753 1
7754 7
7755 18
7756 2
7757 7
7758 6
7759 1
7760 1
7761 2
7762 4
7763 3
7764 2
7765 5
7766 1
7767 1
7768 1
7769 9
7770 1
7771 2
7772 6
7773 1
7774 2
7775 5
7776 1
7777 6
7778 4
7779 8
7780 4
7781 3
7782 7
7783 3
7784 3
7785 1
7786 1
7787 9
7788 4
7789 4
7790 1
7791 7
7792 4
7793 6
7794 3
7795 4
7796 1
7797 1
7798 2
7799 5
7800 4
7801 7
7802 2
7803 6
7804 4
7805 1
7806 4
7807 7
7808 1
7809 6
7810 2
7811 3
7812 3
7813 4
7814 4
7815 3
7816 6
7817 3
7818 1
7819 2
7820 1
7821 3
7822 2
7823 3
7824 4
7825 6
7826 1
7827 2
7828 5
7829 1
7830 1
7831 4
7832 1
7833 2
7834 3
7835 1
7836 6
7837 4
7838 1
7839 6
7840 11
7841 5
7842 4
7843 1
7844 1
7845 4
7846 2
7847 9
7848 4
7849 3
7850 1
7851 21
7852 1
7853 2
7854 3
7855 2
7856 7
7857 4
7858 2
7859 1
7860 3
7861 8
7862 1
7863 2
7864 1
7865 2
7866 8
7867 1
7868 5
7869 5
7870 4
7871 2
7872 1
7873 8
7874 5
7875 5
7876 8
7877 3
7878 6
7879 8
7880 4
7881 1
7882 2
7883 0
7884 1
7885 1
7886 6
7887 2
7888 3
7889 3
7890 21
7891 0
7892 8
7893 9
7894 14
7895 11
7896 2
7897 20
7898 21
7899 12
7900 7
7901 7
7902 11
7903 2
7904 8
7905 10
7906 3
7907 19
7908 4
7909 21
7910 1
7911 21
7912 3
7913 21
7914 21
7915 21
7916 21
7917 8
7918 8
7919 21
7920 17
7921 21
7922 4
7923 13
7924 13
7925 21
7926 9
7927 12
7928 5
7929 21
7930 0
7931 21
7932 5
7933 13
7934 2
7935 21
7936 21
7937 4
7938 12
7939 1
7940 15
7941 20
7942 11
7943 8
7944 11
7945 10
7946 14
7947 4
7948 1
7949 8
7950 10
7951 21
7952 13
7953 14
7954 2
7955 6
7956 8
7957 5
7958 12
7959 13
7960 10
7961 5
7962 14
7963 8
7964 1
7965 1
7966 1
7967 1
7968 1
7969 2
7970 1
7971 1
7972 1
7973 1
7974 1
7975 2
7976 1
7977 1
7978 2
7979 1
7980 1
7981 1
7982 2
7983 2
7984 1
7985 1
7986 1
7987 1
7988 1
7989 1
7990 1
7991 1
7992 1
7993 1
7994 2
7995 2
7996 1
7997 2
7998 1
7999 1
8000 2
8001 1
8002 1
8003 1
8004 1
8005 1
8006 1
8007 1
8008 1
8009 2
8010 2
8011 2
8012 1
8013 1
8014 1
8015 2
8016 2
8017 1
8018 2
8019 1
8020 1
8021 1
8022 2
8023 1
8024 1
8025 1
8026 1
8027 1
8028 1
8029 2
8030 1
8031 1
8032 1
8033 2
8034 1
8035 1
8036 1
8037 1
8038 2
8039 1
8040 1
8041 1
8042 1
8043 1
8044 1
8045 1
8046 1
8047 2
8048 1
8049 1
8050 1
8051 1
8052 1
8053 1
8054 1
8055 2
8056 1
8057 1
8058 1
8059 1
8060 1
8061 1
8062 1
8063 1
8064 2
8065 1
8066 1
8067 1
8068 2
8069 1
8070 1
8071 1
8072 1
8073 1
8074 1
8075 1
8076 1
8077 1
8078 1
8079 1
8080 1
8081 1
8082 1
8083 1
8084 1
8085 1
8086 1
8087 1
8088 1
8089 1
8090 1
8091 1
8092 1
8093 1
8094 1
8095 1
8096 1
8097 1
8098 1
8099 1
8100 1
8101 2
8102 1
8103 1
8104 1
8105 1
8106 2
8107 1
8108 1
8109 1
8110 2
8111 1
8112 1
8113 1
8114 1
8115 2
8116 1
8117 1
8118 1
8119 1
8120 1
8121 1
8122 2
8123 2
8124 1
8125 2
8126 1
8127 1
8128 1
8129 1
8130 1
8131 1
8132 1
8133 2
8134 1
8135 1
8136 1
8137 1
8138 2
8139 1
8140 1
8141 1
8142 1
8143 1
8144 1
8145 1
8146 1
8147 1
8148 1
8149 1
8150 1
8151 1
8152 1
8153 1
8154 1
8155 1
8156 1
8157 2
8158 2
8159 1
8160 1
8161 1
8162 1
8163 2
8164 1
8165 1
8166 1
8167 2
8168 1
8169 1
8170 1
8171 1
8172 1
8173 1
8174 1
8175 1
8176 1
8177 1
8178 1
8179 2
8180 1
8181 2
8182 2
8183 1
8184 1
8185 1
8186 1
8187 1
8188 1
8189 1
8190 2
8191 1
8192 1
8193 1
8194 2
8195 1
8196 2
8197 1
8198 1
8199 2
8200 1
8201 1
8202 1
8203 1
8204 2
8205 1
8206 2
8207 1
8208 2
8209 1
8210 1
8211 2
8212 2
8213 1
8214 2
8215 1
8216 1
8217 1
8218 1
8219 1
8220 1
8221 2
8222 1
8223 2
8224 1
8225 1
8226 2
8227 1
8228 2
8229 1
8230 1
8231 1
8232 1
8233 2
8234 1
8235 1
8236 1
8237 1
8238 2
8239 1
8240 2
8241 1
8242 1
8243 2
8244 1
8245 1
8246 1
8247 2
8248 1
8249 2
8250 1
8251 1
8252 1
8253 1
8254 1
8255 1
8256 1
8257 2
8258 1
8259 1
8260 1
8261 2
8262 1
8263 1
8264 1
8265 1
8266 1
8267 1
8268 1
8269 1
8270 1
8271 2
8272 1
8273 2
8274 2
8275 2
8276 2
8277 2
8278 1
8279 1
8280 1
8281 1
8282 1
8283 1
8284 1
8285 1
8286 2
8287 1
8288 1
8289 2
8290 1
8291 1
8292 1
8293 1
8294 1
8295 1
8296 1
8297 2
8298 1
8299 1
8300 1
8301 1
8302 1
8303 1
8304 2
8305 1
8306 1
8307 1
8308 1
8309 1
8310 1
8311 1
8312 1
8313 1
8314 1
8315 2
8316 1
8317 1
8318 1
8319 1
8320 1
8321 1
8322 1
8323 1
8324 1
8325 1
8326 1
8327 1
8328 1
8329 1
8330 1
8331 1
8332 1
8333 1
8334 1
8335 1
8336 1
8337 1
8338 1
8339 1
8340 1
8341 1
8342 1
8343 2
8344 1
8345 1
8346 1
8347 1
8348 1
8349 2
8350 1
8351 1
8352 1
8353 1
8354 1
8355 1
8356 1
8357 2
8358 2
8359 1
8360 2
8361 1
8362 1
8363 1
8364 1
8365 1
8366 2
8367 1
8368 1
8369 1
8370 1
8371 1
8372 1
8373 2
8374 1
8375 1
8376 1
8377 1
8378 1
8379 1
8380 1
8381 1
8382 1
8383 1
8384 1
8385 1
8386 1
8387 1
8388 1
8389 1
8390 1
8391 1
8392 2
8393 1
8394 2
8395 1
8396 1
8397 1
8398 1
8399 1
8400 1
8401 1
8402 1
8403 2
8404 1
8405 1
8406 1
8407 1
8408 2
8409 1
8410 1
8411 1
8412 2
8413 1
8414 1
8415 1
8416 1
8417 1
8418 1
8419 1
8420 1
8421 1
8422 2
8423 2
8424 2
8425 1
8426 1
8427 1
8428 1
8429 1
8430 1
8431 1
8432 1
8433 2
8434 1
8435 1
8436 1
8437 1
8438 1
8439 2
8440 2
8441 1
8442 1
8443 1
8444 2
8445 1
8446 1
8447 1
8448 2
8449 1
8450 1
8451 2
8452 1
8453 1
8454 1
8455 1
8456 2
8457 2
8458 2
8459 1
8460 1
8461 1
8462 1
8463 1
8464 2
8465 2
8466 2
8467 2
8468 2
8469 1
8470 1
8471 1
8472 1
8473 1
8474 1
8475 1
8476 1
8477 1
8478 1
8479 1
8480 1
8481 1
8482 2
8483 2
8484 1
8485 1
8486 2
8487 1
8488 1
8489 2
8490 2
8491 1
8492 1
8493 1
8494 1
8495 1
8496 1
8497 1
8498 1
8499 1
8500 1
8501 1
8502 1
8503 1
8504 1
8505 1
8506 1
8507 1
8508 2
8509 1
8510 2
8511 1
8512 1
8513 1
8514 1
8515 1
8516 1
8517 1
8518 1
8519 1
8520 2
8521 1
8522 1
8523 1
8524 1
8525 3
8526 1
8527 1
8528 4
8529 3
8530 3
8531 3
8532 1
8533 2
8534 0
8535 1
8536 3
8537 2
8538 1
8539 4
8540 2
8541 1
8542 3
8543 4
8544 13
8545 6
8546 6
8547 5
8548 16
8549 4
8550 8
8551 4
8552 3
8553 11
8554 6
8555 10
8556 10
8557 13
8558 18
8559 19
8560 1
8561 1
8562 4
8563 11
8564 18
8565 1
8566 1
8567 14
8568 12
8569 21
8570 21
8571 6
8572 6
8573 16
8574 5
8575 1
8576 4
8577 2
8578 3
8579 8
8580 9
8581 17
8582 1
8583 9
8584 9
8585 8
8586 2
8587 6
8588 4
8589 12
8590 4
8591 21
8592 21
8593 6
8594 4
8595 5
8596 8
8597 6
8598 8
8599 17
8600 7
8601 7
8602 5
8603 8
8604 2
8605 2
8606 5
8607 4
8608 2
8609 3
8610 3
8611 2
8612 2
8613 2
8614 2
8615 2
8616 2
8617 7
8618 16
8619 21
8620 2
8621 21
8622 2
8623 2
8624 2
8625 2
8626 1
8627 2
8628 3
8629 2
8630 2
8631 3
8632 3
8633 2
8634 1
8635 2
8636 1
8637 2
8638 1
8639 5
8640 2
8641 3
8642 1
8643 2
8644 2
8645 2
8646 2
8647 2
8648 2
8649 1
8650 1
8651 1
8652 2
8653 2
8654 2
8655 2
8656 1
8657 1
8658 2
8659 2
8660 2
8661 6
8662 4
8663 2
8664 2
8665 1
8666 2
8667 4
8668 2
8669 1
8670 1
8671 2
8672 2
8673 2
8674 2
8675 3
8676 6
8677 5
8678 3
8679 3
8680 2
8681 3
8682 2
8683 1
8684 1
8685 2
8686 3
8687 3
8688 9
8689 6
8690 9
8691 8
8692 7
8693 2
8694 5
8695 5
8696 5
8697 9
8698 3
8699 1
8700 2
8701 21
8702 1
8703 21
8704 1
8705 12
8706 3
8707 8
8708 21
8709 21
8710 8
8711 3
8712 20
8713 19
8714 1
8715 21
8716 17
8717 21
8718 1
8719 6
8720 8
8721 14
8722 2
8723 1
8724 1
8725 4
8726 15
8727 9
8728 6
8729 1
8730 3
8731 2
8732 2
8733 5
8734 3
8735 3
8736 4
8737 3
8738 3
8739 4
8740 5
8741 3
8742 2
8743 3
8744 3
8745 4
8746 2
8747 4
8748 2
8749 4
8750 2
8751 4
8752 3
8753 3
8754 3
8755 1
8756 2
8757 3
8758 1
8759 3
8760 8
8761 8
8762 3
8763 2
8764 2
8765 1
8766 3
8767 1
8768 2
8769 7
8770 3
8771 5
8772 3
8773 4
8774 2
8775 7
8776 2
8777 2
8778 2
8779 3
8780 9
8781 4
8782 3
8783 3
8784 2
8785 3
8786 4
8787 3
8788 2
8789 3
8790 3
8791 3
8792 3
8793 5
8794 3
8795 4
8796 3
8797 3
8798 4
8799 4
8800 3
8801 2
8802 3
8803 2
8804 3
8805 7
8806 1
8807 11
8808 7
8809 7
8810 11
8811 21
8812 7
8813 9
8814 19
8815 5
8816 11
8817 13
8818 11
8819 10
8820 1
8821 5
8822 11
8823 7
8824 12
8825 15
8826 10
8827 13
8828 3
8829 6
8830 16
8831 12
8832 5
8833 5
8834 2
8835 21
8836 3
8837 8
8838 9
8839 21
8840 8
8841 12
8842 7
8843 8
8844 6
8845 10
8846 18
8847 8
8848 21
8849 9
8850 10
8851 21
8852 9
8853 5
8854 21
8855 13
8856 11
8857 12
8858 13
8859 15
8860 16
8861 9
8862 21
8863 7
8864 10
8865 19
8866 10
8867 20
8868 6
8869 4
8870 6
8871 2
8872 7
8873 12
8874 13
8875 3
8876 2
8877 2
8878 2
8879 3
8880 2
8881 7
8882 5
8883 2
8884 7
8885 7
8886 3
8887 3
8888 7
8889 5
8890 5
8891 7
8892 7
8893 4
8894 4
8895 5
8896 2
8897 7
8898 3
8899 2
8900 5
8901 3
8902 4
8903 7
8904 7
8905 5
8906 1
8907 2
8908 3
8909 5
8910 3
8911 3
8912 6
8913 3
8914 4
8915 3
8916 6
8917 5
8918 4
8919 4
8920 7
8921 5
8922 4
8923 3
8924 7
8925 6
8926 4
8927 7
8928 7
8929 6
8930 6
8931 7
8932 7
8933 4
8934 3
8935 6
8936 5
8937 7
8938 5
8939 4
8940 7
8941 5
8942 4
8943 3
8944 7
8945 5
8946 2
8947 7
8948 3
8949 1
8950 4
8951 7
8952 7
8953 4
8954 7
8955 3
8956 6
8957 3
8958 4
8959 4
8960 7
8961 4
8962 3
8963 6
8964 5
8965 7
8966 7
8967 7
8968 3
8969 4
8970 7
8971 7
8972 7
8973 4
8974 5
8975 5
8976 7
8977 3
8978 3
8979 5
8980 4
8981 2
8982 3
8983 4
8984 3
8985 2
8986 3
8987 1
8988 5
8989 7
8990 7
8991 3
8992 7
8993 4
8994 7
8995 6
8996 5
8997 6
8998 6
8999 3
9000 4
9001 6
9002 3
9003 4
9004 6
9005 7
9006 7
9007 0
9008 4
9009 2
9010 7
9011 7
9012 3
9013 7
9014 5
9015 7
9016 6
9017 6
9018 2
9019 6
9020 7
9021 7
9022 7
9023 4
9024 7
9025 4
9026 2
9027 6
9028 7
9029 1
9030 3
9031 7
9032 3
9033 5
9034 4
9035 4
9036 3
9037 7
9038 5
9039 3
9040 2
9041 0
9042 4
9043 7
9044 7
9045 2
9046 4
9047 1
9048 4
9049 4
9050 8
9051 7
9052 5
9053 4
9054 6
9055 6
9056 3
9057 3
9058 4
9059 4
9060 6
9061 7
9062 7
9063 7
9064 3
9065 4
9066 3
9067 3
9068 6
9069 5
9070 4
9071 2
9072 3
9073 7
9074 5
9075 6
9076 4
9077 3
9078 5
9079 4
9080 4
9081 4
9082 7
9083 4
9084 5
9085 4
9086 7
9087 1
9088 4
9089 4
9090 3
9091 1
9092 1
9093 1
9094 1
9095 1
9096 1
9097 1
9098 1
9099 1
9100 1
9101 1
9102 1
9103 1
9104 1
9105 1
9106 1
9107 1
9108 1
9109 1
9110 1
9111 1
9112 1
9113 1
9114 1
9115 1
9116 1
9117 1
9118 1
9119 1
9120 1
9121 1
9122 1
9123 1
9124 1
9125 1
9126 1
9127 1
9128 1
9129 1
9130 1
9131 1
9132 1
9133 1
9134 1
9135 1
9136 1
9137 1
9138 1
9139 1
9140 1
9141 1
9142 1
9143 1
9144 1
9145 1
9146 1
9147 1
9148 1
9149 1
9150 1
9151 1
9152 1
9153 1
9154 1
9155 1
9156 1
9157 1
9158 1
9159 1
9160 1
9161 1
9162 1
9163 1
9164 1
9165 1
9166 1
9167 1
9168 1
9169 1
9170 1
9171 1
9172 1
9173 1
9174 1
9175 1
9176 1
9177 1
9178 1
9179 1
9180 1
9181 1
9182 1
9183 1
9184 1
9185 1
9186 1
9187 1
9188 1
9189 1
9190 1
9191 1
9192 1
9193 1
9194 1
9195 1
9196 1
9197 1
9198 1
9199 1
9200 1
9201 1
9202 1
9203 1
9204 1
9205 1
9206 1
9207 1
9208 1
9209 1
9210 1
9211 1
9212 1
9213 1
9214 1
9215 1
9216 1
9217 1
9218 1
9219 1
9220 1
9221 1
9222 1
9223 1
9224 1
9225 1
9226 1
9227 1
9228 1
9229 1
9230 1
9231 1
9232 1
9233 1
9234 1
9235 1
9236 1
9237 1
9238 1
9239 1
9240 1
9241 1
9242 1
9243 1
9244 1
9245 1
9246 1
9247 1
9248 1
9249 1
9250 1
9251 1
9252 1
9253 1
9254 1
9255 1
9256 1
9257 1
9258 1
9259 1
9260 1
9261 1
9262 1
9263 1
9264 1
9265 1
9266 1
9267 1
9268 1
9269 1
9270 1
9271 1
9272 1
9273 1
9274 1
9275 1
9276 1
9277 1
9278 1
9279 3
9280 4
9281 1
9282 1
9283 3
9284 1
9285 1
9286 0
9287 2
9288 2
9289 1
9290 1
9291 1
9292 2
9293 2
9294 3
9295 1
9296 1
9297 2
9298 1
9299 2
9300 1
9301 4
9302 4
9303 4
9304 1
9305 1
9306 2
9307 1
9308 2
9309 1
9310 2
9311 1
9312 1
9313 1
9314 1
9315 2
9316 3
9317 1
9318 1
9319 3
9320 13
9321 1
9322 2
9323 4
9324 2
9325 1
9326 1
9327 4
9328 2
9329 1
9330 1
9331 1
9332 5
9333 1
9334 3
9335 1
9336 1
9337 2
9338 1
9339 1
9340 2
9341 4
9342 4
9343 5
9344 1
9345 2
9346 2
9347 6
9348 4
9349 2
9350 3
9351 3
9352 1
9353 9
9354 1
9355 2
9356 4
9357 2
9358 3
9359 2
9360 4
9361 5
9362 2
9363 2
9364 1
9365 2
9366 1
9367 1
9368 1
9369 1
9370 2
9371 1
9372 1
9373 1
9374 1
9375 2
9376 1
9377 1
9378 2
9379 1
9380 4
9381 1
9382 3
9383 2
9384 4
9385 11
9386 1
9387 2
9388 1
9389 3
9390 1
9391 3
9392 1
9393 1
9394 5
9395 4
9396 1
9397 2
9398 1
9399 2
9400 1
9401 3
9402 1
9403 2
9404 2
9405 2
9406 3
9407 1
9408 1
9409 1
9410 1
9411 1
9412 1
9413 4
9414 1
9415 3
9416 2
9417 3
9418 4
9419 3
9420 1
9421 1
9422 2
9423 1
9424 6
9425 1
9426 13
9427 1
9428 1
9429 4
9430 1
9431 1
9432 2
9433 4
9434 1
9435 3
9436 2
9437 1
9438 2
9439 2
9440 2
9441 1
9442 1
9443 2
9444 1
9445 6
9446 3
9447 1
9448 2
9449 1
9450 3
9451 1
9452 3
9453 1
9454 2
9455 1
9456 1
9457 5
9458 1
9459 2
9460 3
9461 7
9462 2
9463 1
9464 2
9465 2
9466 2
9467 1
9468 2
9469 2
9470 1
9471 1
9472 1
9473 1
9474 1
9475 1
9476 1
9477 2
9478 5
9479 3
9480 2
9481 2
9482 3
9483 1
9484 1
9485 7
9486 1
9487 17
9488 3
9489 21
9490 5
9491 8
9492 3
9493 2
9494 5
9495 5
9496 1
9497 1
9498 5
9499 1
9500 4
9501 1
9502 4
9503 6
9504 5
9505 1
9506 9
9507 3
9508 2
9509 3
9510 2
9511 21
9512 1
9513 3
9514 1
9515 4
9516 1
9517 1
9518 2
9519 1
9520 1
9521 7
9522 3
9523 1
9524 1
9525 1
9526 3
9527 7
9528 3
9529 5
9530 5
9531 6
9532 4
9533 3
9534 6
9535 6
9536 4
9537 5
9538 1
9539 3
9540 2
9541 3
9542 5
9543 5
9544 1
9545 3
9546 1
9547 5
9548 1
9549 11
9550 3
9551 3
9552 21
9553 1
9554 3
9555 1
9556 3
9557 1
9558 9
9559 9
9560 3
9561 1
9562 1
9563 8
9564 3
9565 4
9566 4
9567 14
9568 2
9569 6
9570 2
9571 3
9572 1
9573 1
9574 3
9575 2
9576 2
9577 4
9578 1
9579 2
9580 7
9581 2
9582 3
9583 8
9584 12
9585 11
9586 2
9587 1
9588 6
9589 6
9590 3
9591 8
9592 10
9593 21
9594 4
9595 6
9596 1
9597 3
9598 1
9599 2
9600 2
9601 1
9602 1
9603 1
9604 1
9605 1
9606 1
9607 1
9608 1
9609 2
9610 2
9611 1
9612 1
9613 21
9614 1
9615 5
9616 6
9617 8
9618 2
9619 1
9620 3
9621 1
9622 1
9623 2
9624 3
9625 21
9626 1
9627 7
9628 6
9629 3
9630 3
9631 3
9632 5
9633 4
9634 5
9635 3
9636 8
9637 1
9638 6
9639 1
9640 4
9641 21
9642 6
9643 2
9644 19
9645 8
9646 7
9647 4
9648 1
9649 1
9650 5
9651 1
9652 3
9653 1
9654 1
9655 1
9656 1
9657 2
9658 1
9659 2
9660 11
9661 21
9662 3
9663 1
9664 1
9665 1
9666 3
9667 1
9668 3
9669 1
9670 1
9671 1
9672 3
9673 2
9674 2
9675 7
9676 1
9677 1
9678 3
9679 1
9680 4
9681 1
9682 4
9683 7
9684 3
9685 2
9686 3
9687 1
9688 3
9689 1
9690 2
9691 1
9692 2
9693 1
9694 2
9695 21
9696 1
9697 3
9698 3
9699 2
9700 6
9701 6
9702 3
9703 1
9704 4
9705 1
9706 1
9707 6
9708 1
9709 1
9710 4
9711 3
9712 5
9713 1
9714 1
9715 1
9716 2
9717 3
9718 5
9719 4
9720 3
9721 3
9722 3
9723 3
9724 1
9725 3
9726 0
9727 3
9728 3
9729 1
9730 1
9731 1
9732 2
9733 2
9734 2
9735 1
9736 3
9737 4
9738 1
9739 4
9740 3
9741 11
9742 1
9743 14
9744 2
9745 2
9746 1
9747 1
9748 8
9749 3
9750 3
9751 1
9752 21
9753 1
9754 1
9755 17
9756 1
9757 21
9758 7
9759 11
9760 21
9761 4
9762 21
9763 1
9764 19
9765 4
9766 1
9767 4
9768 1
9769 4
9770 5
9771 1
9772 1
9773 1
9774 17
9775 5
9776 2
9777 2
9778 1
9779 3
9780 4
9781 3
9782 3
9783 2
9784 1
9785 1
9786 1
9787 2
9788 1
9789 1
9790 2
9791 5
9792 1
9793 3
9794 3
9795 3
9796 2
9797 1
9798 1
9799 1
9800 3
9801 1
9802 2
9803 1
9804 5
9805 1
9806 1
9807 3
9808 1
9809 2
9810 1
9811 2
9812 1
9813 1
9814 1
9815 2
9816 5
9817 1
9818 1
9819 17
9820 1
9821 1
9822 1
9823 3
9824 3
9825 4
9826 1
9827 2
9828 1
9829 2
9830 3
9831 2
9832 1
9833 1
9834 2
9835 4
9836 1
9837 2
9838 1
9839 3
9840 2
9841 2
9842 3
9843 2
9844 0
9845 2
9846 2
9847 3
9848 3
9849 3
9850 2
9851 1
9852 1
9853 1
9854 1
9855 2
9856 2
9857 1
9858 1
9859 4
9860 3
9861 5
9862 5
9863 2
9864 3
9865 1
9866 2
9867 3
9868 2
9869 4
9870 5
9871 2
9872 1
9873 1
9874 2
9875 1
9876 1
9877 1
9878 3
9879 3
9880 5
9881 1
9882 1
9883 3
9884 1
9885 7
9886 3
9887 1
9888 1
9889 1
9890 1
9891 1
9892 1
9893 5
9894 1
9895 1
9896 1
9897 14
9898 5
9899 4
9900 2
9901 2
9902 3
9903 1
9904 1
9905 2
9906 2
9907 3
9908 2
9909 1
9910 1
9911 11
9912 1
9913 4
9914 1
9915 4
9916 3
9917 8
9918 2
9919 4
9920 3
9921 1
9922 1
9923 1
9924 1
9925 19
9926 1
9927 1
9928 9
9929 1
9930 1
9931 1
9932 1
9933 2
9934 1
9935 2
9936 4
9937 1
9938 2
9939 3
9940 3
9941 1
9942 1
9943 1
9944 1
9945 1
9946 2
9947 1
9948 3
9949 7
9950 6
9951 3
9952 2
9953 1
9954 2
9955 4
9956 1
9957 5
9958 1
9959 4
9960 1
9961 2
9962 3
9963 1
9964 3
9965 9
9966 1
9967 2
9968 7
9969 5
9970 1
9971 1
9972 2
9973 1
9974 2
9975 1
9976 2
9977 1
9978 1
9979 2
9980 1
9981 3
9982 1
9983 1
9984 8
9985 3
9986 3
9987 3
9988 3
9989 3
9990 1
9991 9
9992 11
9993 1
9994 1
9995 15
9996 6
9997 1
9998 6
9999 3
10000 4
