85 1.0
87 4.0
107 1.0
144 2.0
187 5.0
190 3.0
243 1.0
327 1.0
341 2.0
345 2.0
347 0.0
373 1.0
382 1.0
411 6.0
445 4.0
532 3.0
541 2.0
558 6.0
563 3.0
636 1.0
679 3.0
690 6.0
843 1.0
909 1.0
921 1.0
953 3.0
956 4.0
1003 1.0
1028 1.0
1085 1.0
1093 5.0
1096 6.0
1100 4.0
1102 2.0
1138 3.0
1163 10.0
1179 1.0
1183 1.0
1185 2.0
1218 7.0
1290 1.0
1310 3.0
1323 1.0
1359 5.0
1391 4.0
1402 6.0
1408 1.0
1436 1.0
1477 1.0
1478 2.0
1479 1.0
1495 2.0
1516 1.0
1529 7.0
1558 5.0
1608 1.0
1636 6.0
1652 1.0
1674 3.0
1704 1.0
1725 4.0
1879 2.0
1895 2.0
1906 8.0
1983 11.0
2108 1.0
2190 3.0
2221 1.0
2244 1.0
2401 1.0
2411 1.0
2443 10.0
2471 4.0
2528 1.0
2587 1.0
2624 5.0
2653 4.0
2663 3.0
2692 2.0
2705 1.0
2761 1.0
2772 4.0
2781 3.0
2788 1.0
2826 1.0
2839 2.0
2848 8.0
2910 1.0
2984 1.0
2987 2.0
2994 2.0
3039 1.0
3048 1.0
3087 1.0
3141 3.0
3146 1.0
3152 8.0
3232 3.0
3301 1.0
3329 2.0
3333 2.0
3355 2.0
3405 2.0
3420 2.0
3435 4.0
3513 9.0
3534 2.0
3566 3.0
3590 2.0
3601 7.0
3611 1.0
3632 4.0
3658 4.0
3682 2.0
3688 1.0
3725 5.0
3742 5.0
3756 10.0
3758 2.0
3760 2.0
3766 2.0
3789 1.0
3790 2.0
3796 1.0
3822 5.0
3914 1.0
3952 10.0
3968 2.0
3996 7.0
4052 1.0
4058 1.0
4098 21
4124 1.0
4126 1.0
4239 5.0
4243 2.0
4303 5.0
4322 5.0
4366 5.0
4387 6.0
4389 1.0
4390 4.0
4399 4.0
4403 1.0
4416 2.0
4420 1.0
4459 1.0
4463 5.0
4515 21
4531 8.0
4533 2.0
4559 5.0
4592 1.0
4623 10.0
4643 2.0
4667 2.0
4701 1.0
4705 3.0
4739 2.0
4761 2.0
4775 3.0
4800 1.0
4803 1.0
4807 1.0
4814 1.0
4824 2.0
4848 7.0
4870 1.0
4876 1.0
4896 1.0
4912 4.0
4939 1.0
4996 10.0
5002 4.0
5014 4.0
5091 1.0
5121 1.0
5128 1.0
5138 1.0
5144 2.0
5147 1.0
5156 4.0
5179 5.0
5227 1.0
5254 1.0
5255 21
5260 1.0
5310 3.0
5311 6.0
5334 1.0
5364 5.0
5370 2.0
5383 5.0
5391 2.0
5403 2.0
5405 1.0
5409 2.0
5448 2.0
5458 1.0
5474 6.0
5496 8.0
5498 1.0
5532 2.0
5536 6.0
5552 3.0
5605 2.0
5625 5.0
5633 1.0
5638 1.0
5669 1.0
5682 11.0
5762 4.0
5793 7.0
5817 1.0
5842 2.0
5853 3.0
5856 3.0
5876 2.0
5883 1.0
5907 1.0
5963 1.0
5964 17.0
5981 4.0
6001 6.0
6028 2.0
6047 1.0
6074 9.0
6096 1.0
6123 8.0
6133 1.0
6158 7.0
6179 2.0
6228 1.0
6236 6.0
6249 3.0
6319 1.0
6365 1.0
6389 1.0
6400 6.0
6427 3.0
6429 9.0
6440 1.0
6455 4.0
6515 6.0
6537 8.0
6548 2.0
6581 1.0
6596 1.0
6611 4.0
6626 1.0
6635 2.0
6729 1.0
6763 4.0
6768 4.0
6795 14.0
6805 3.0
6986 14.0
7019 5.0
7088 3.0
7089 1.0
7093 6.0
7161 2.0
7171 2.0
7193 21
7196 1.0
7204 5.0
7220 2.0
7243 2.0
7265 6.0
7270 21
7279 4.0
7280 2.0
7304 6.0
7369 21
7406 1.0
7449 1.0
7455 5.0
7460 21
7479 1.0
7501 21
7522 2.0
7551 4.0
7556 2.0
7581 5.0
7621 5.0
7631 3.0
7677 1.0
7698 1.0
7719 7.0
7820 1.0
7919 21
7940 13.0
7999 2.0
8014 1.0
8041 1.0
8050 1.0
8175 1.0
8280 1.0
8320 1.0
8322 1.0
8332 1.0
8343 1.0
8413 1.0
8428 2.0
8449 1.0
8461 1.0
8466 1.0
8472 1.0
8505 1.0
8549 1.0
8555 14.0
8557 21
8568 9.0
8573 8.0
8591 8.0
8599 2.0
8626 1.0
8643 2.0
8645 1.0
8650 4.0
8660 2.0
8705 21
8728 5.0
8729 3.0
8733 4.0
8756 2.0
8759 5.0
8767 3.0
8799 21
8804 11.0
8824 3.0
8865 2.0
8881 4.0
8882 4.0
8949 4.0
8960 7.0
8965 3.0
9008 7.0
9013 4.0
9043 6.0
9142 1.0
9184 1.0
9238 1.0
9276 2.0
9299 1.0
9368 4.0
9382 5.0
9394 3.0
9411 1.0
9428 2.0
9437 1.0
9474 1.0
9486 5.0
9488 4.0
9495 3.0
9511 1.0
9534 1.0
9543 1.0
9550 1.0
9621 4.0
9697 1.0
9699 3.0
9737 3.0
9750 21
9765 2.0
9808 1.0
9907 4.0
9946 1.0
9951 1.0
9958 1.0
9961 1.0
9975 3.0
10001 6.0
10035 10.0
10074 1.0
10097 4.0
10136 5.0
10178 1.0
10244 6.0
10248 1.0
10284 1.0
10312 8.0
10342 2.0
10343 3.0
10369 2.0
10385 2.0
10395 3.0
10404 2.0
10423 10.0
10457 1.0
10458 1.0
10462 1.0
10463 3.0
10539 7.0
10569 3.0
10575 1.0
10579 4.0
10615 4.0
10618 2.0
10663 4.0
10677 4.0
10678 2.0
10715 3.0
10733 3.0
10740 2.0
10752 5.0
10770 7.0
10784 2.0
10814 2.0
10854 3.0
10873 6.0
10878 2.0
10902 2.0
10931 3.0
10953 10.0
10968 4.0
10980 2.0
11000 5.0
11035 1.0
11052 2.0
11088 5.0
11096 1.0
11122 1.0
11159 2.0
11164 6.0
11210 2.0
11240 2.0
11247 3.0
11276 3.0
11293 1.0
11308 5.0
11338 3.0
11411 1.0
11426 7.0
11448 7.0
11462 1.0
11492 5.0
11498 7.0
11510 3.0
11549 1.0
11566 5.0
11598 21
11689 3.0
11698 1.0
11699 10.0
11703 10.0
11705 1.0
11707 2.0
11822 1.0
11840 1.0
11845 5.0
11848 1.0
11872 8.0
11907 2.0
11912 1.0
11919 6.0
11924 1.0
11932 2.0
11946 1.0
11950 1.0
12008 4.0
12012 1.0
12027 1.0
12045 5.0
12047 4.0
12080 6.0
12101 5.0
12117 2.0
12121 2.0
12157 1.0
12187 4.0
12217 1.0
12219 2.0
12231 5.0
12362 2.0
12390 21
12396 21
12442 2.0
12472 1.0
12495 1.0
12513 5.0
12629 1.0
12650 2.0
12668 1.0
12680 2.0
12701 5.0
12709 5.0
12742 1.0
12747 12.0
12753 1.0
12766 2.0
12790 2.0
12801 2.0
12816 2.0
12891 6.0
12927 1.0
12932 4.0
12954 4.0
12956 2.0
12963 1.0
13004 2.0
13011 5.0
13019 1.0
13045 3.0
13063 1.0
13271 5.0
13293 3.0
13304 5.0
13305 1.0
13315 4.0
13318 7.0
13361 5.0
13405 4.0
13556 7.0
13593 3.0
13615 1.0
13639 3.0
13665 5.0
13667 6.0
13683 1.0
13691 1.0
13699 2.0
13732 1.0
13742 5.0
13761 4.0
13790 2.0
13834 3.0
13869 5.0
13877 7.0
13891 4.0
13914 1.0
13916 5.0
13946 3.0
14003 1.0
14058 3.0
14152 7.0
14154 4.0
14177 5.0
14216 1.0
14220 3.0
14241 14.0
14283 1.0
14298 1.0
14347 6.0
14373 1.0
14375 9.0
14413 21
14490 4.0
14520 1.0
14523 1.0
14531 3.0
14537 6.0
14625 2.0
14658 5.0
14685 1.0
14847 6.0
14848 1.0
14866 2.0
14889 1.0
14899 8.0
14903 13.0
14944 1.0
15040 6.0
15080 2.0
15119 1.0
15202 13.0
15269 4.0
15272 1.0
15277 1.0
15333 6.0
15368 2.0
15375 1.0
15379 7.0
15409 7.0
15454 4.0
15511 9.0
15513 3.0
15633 1.0
15754 1.0
15777 11.0
15788 17.0
15796 4.0
15876 5.0
15897 1.0
15919 3.0
15956 5.0
15964 10.0
16015 5.0
16032 8.0
16035 5.0
16079 1.0
16124 6.0
16130 3.0
16133 3.0
16135 4.0
16182 1.0
16191 1.0
16209 6.0
16273 6.0
16286 1.0
16309 7.0
16350 2.0
16392 2.0
16402 7.0
16412 3.0
16426 11.0
16451 16.0
16465 7.0
16472 1.0
16520 5.0
16545 1.0
16575 5.0
16617 1.0
16626 5.0
16659 2.0
16680 8.0
16721 5.0
16730 1.0
16747 1.0
16754 2.0
16796 4.0
16808 1.0
16821 5.0
16861 1.0
16875 4.0
16906 1.0
16937 3.0
16938 6.0
16941 1.0
16971 3.0
16985 1.0
17039 4.0
17048 4.0
17130 1.0
17132 1.0
17142 7.0
17170 8.0
17193 3.0
17217 7.0
17303 1.0
17306 1.0
17308 1.0
17335 21
17353 2.0
17382 1.0
17407 7.0
17408 2.0
17417 10.0
17442 6.0
17462 2.0
17509 1.0
17528 21
17575 10.0
17632 3.0
17642 4.0
17658 1.0
17674 1.0
17725 1.0
17742 2.0
17777 1.0
17831 2.0
17837 1.0
17870 1.0
17872 1.0
17873 2.0
17936 1.0
17940 1.0
17947 1.0
17990 1.0
18032 1.0
18040 1.0
18057 1.0
18090 1.0
18175 1.0
18190 1.0
18246 2.0
18333 9.0
18335 21
18338 14.0
18381 2.0
18388 16.0
18400 5.0
18413 12.0
18414 8.0
18477 1.0
18482 2.0
18495 3.0
18500 3.0
18513 2.0
18526 11.0
18591 3.0
18606 4.0
18607 3.0
18673 4.0
18680 11.0
18705 3.0
18784 21
18789 21
18859 5.0
18865 1.0
18875 2.0
18900 7.0
18916 4.0
18934 1.0
18963 7.0
18967 5.0
19033 7.0
19034 1.0
19040 5.0
19064 7.0
19066 5.0
19112 4.0
19130 1.0
19196 1.0
19200 1.0
19212 1.0
19213 1.0
19214 1.0
19222 1.0
19249 1.0
19257 1.0
19258 1.0
19332 4.0
19359 1.0
19371 2.0
19422 1.0
19430 2.0
19467 1.0
19532 1.0
19542 1.0
19564 3.0
19568 3.0
19582 2.0
19615 3.0
19623 1.0
19629 1.0
19645 1.0
19657 1.0
19668 7.0
19674 3.0
19741 3.0
19766 1.0
19774 1.0
19778 6.0
19823 3.0
19825 2.0
19881 7.0
19897 1.0
19920 2.0
19972 1.0
20000 6.0
20043 12.0
20053 2.0
20054 3.0
20057 4.0
20078 2.0
20116 2.0
20122 1.0
20128 1.0
20141 1.0
20150 4.0
20171 1.0
20186 4.0
20196 8.0
20198 1.0
20201 2.0
20203 2.0
20227 3.0
20252 3.0
20258 3.0
20269 5.0
20278 9.0
20357 6.0
20368 9.0
20370 1.0
20406 2.0
20467 10.0
20478 1.0
20480 1.0
20499 9.0
20564 3.0
20569 6.0
20597 3.0
20630 2.0
20686 1.0
20745 1.0
20747 1.0
20755 6.0
20782 4.0
20793 2.0
20804 2.0
20807 2.0
20857 8.0
20863 17.0
20917 1.0
20946 6.0
20967 1.0
20979 5.0
20982 2.0
21032 3.0
21045 1.0
21068 5.0
21135 1.0
21199 3.0
21213 3.0
21262 2.0
21266 3.0
21275 5.0
21302 2.0
21319 4.0
21334 2.0
21355 6.0
21360 1.0
21396 1.0
21401 1.0
21445 2.0
21486 1.0
21489 4.0
21505 5.0
21524 3.0
21545 1.0
21564 2.0
21613 2.0
21617 2.0
21669 1.0
21671 8.0
21698 7.0
21703 2.0
21714 2.0
21729 9.0
21759 7.0
21762 2.0
21827 3.0
21878 3.0
21912 2.0
21981 2.0
21984 4.0
22076 2.0
22086 5.0
22107 4.0
22117 5.0
22123 1.0
22164 2.0
22187 4.0
22210 1.0
22233 2.0
22303 3.0
22339 2.0
22349 7.0
22404 1.0
22469 2.0
22603 3.0
22641 7.0
22643 5.0
22695 21
22706 4.0
22719 2.0
22720 5.0
22745 2.0
22789 3.0
22801 3.0
22833 5.0
22836 4.0
22879 2.0
22940 2.0
22952 3.0
23078 2.0
23156 2.0
23180 2.0
23187 2.0
23199 2.0
23212 2.0
23215 2.0
23264 2.0
23283 1.0
23313 1.0
23423 2.0
23432 1.0
23461 1.0
23500 1.0
23512 1.0
23527 1.0
23547 1.0
23550 21
23733 4.0
23736 2.0
23745 2.0
23768 2.0
23894 3.0
24022 5.0
24028 21
24036 19.0
24055 1.0
24083 3.0
24085 8.0
24093 6.0
24100 21
24113 3.0
24143 8.0
24144 3.0
24188 7.0
24191 6.0
24239 1.0
24243 1.0
24276 8.0
24323 5.0
24334 4.0
24351 5.0
24369 2.0
24370 1.0
24422 1.0
24449 6.0
24471 1.0
24477 2.0
24505 4.0
24529 2.0
24553 4.0
24575 2.0
24595 3.0
24610 12.0
24617 1.0
24672 1.0
24691 2.0
24714 1.0
24772 4.0
24898 4.0
24909 1.0
24930 5.0
24934 1.0
24949 6.0
24981 1.0
24996 7.0
24998 6.0
25028 6.0
25031 2.0
25070 1.0
25073 1.0
25103 7.0
25121 3.0
25171 1.0
25277 1.0
25280 1.0
25285 1.0
25348 7.0
25398 6.0
25406 2.0
25420 7.0
25456 5.0
25516 6.0
25549 1.0
25553 4.0
25556 3.0
25622 3.0
25634 5.0
25712 2.0
25748 2.0
25760 9.0
25779 1.0
25788 16.0
25798 1.0
25804 4.0
25808 4.0
25826 2.0
25837 7.0
25853 3.0
26002 3.0
26045 2.0
26060 2.0
26062 5.0
26106 1.0
26117 3.0
26118 10.0
26151 1.0
26182 2.0
26183 5.0
26193 1.0
26203 1.0
26211 1.0
26238 3.0
26252 9.0
26307 5.0
26396 2.0
26513 4.0
26518 13.0
26535 6.0
26547 6.0
26558 6.0
26567 1.0
26611 3.0
26633 2.0
26643 7.0
26682 2.0
26690 17.0
26693 3.0
26725 1.0
26759 1.0
26841 3.0
26844 6.0
26898 1.0
26900 3.0
26914 5.0
26958 11.0
27016 1.0
27034 0.0
27040 21
27064 4.0
27081 1.0
27084 21
27117 2.0
27137 1.0
27171 3.0
27193 7.0
27207 1.0
27283 6.0
27285 7.0
27328 4.0
27334 7.0
27355 3.0
27376 5.0
27414 1.0
27440 5.0
27449 1.0
27492 21
27523 4.0
27551 1.0
27569 1.0
27571 2.0
27578 1.0
27582 1.0
27658 1.0
27660 1.0
27665 1.0
27681 1.0
27735 1.0
27746 1.0
27765 2.0
27808 1.0
27887 1.0
27919 1.0
27924 1.0
27964 1.0
27973 1.0
27980 1.0
28018 1.0
28055 2.0
28075 1.0
28130 7.0
28188 7.0
28218 21
28226 4.0
28265 3.0
28282 18.0
28325 12.0
28335 21
28409 10.0
28431 4.0
28459 3.0
28479 1.0
28487 2.0
28490 8.0
28556 12.0
28604 9.0
28605 5.0
28625 21
28666 21
28684 2.0
28688 2.0
28737 4.0
28762 21
28774 1.0
28775 1.0
28783 5.0
28817 5.0
28823 3.0
28862 12.0
28863 12.0
29031 5.0
29089 1.0
29102 1.0
29106 1.0
29118 1.0
29165 1.0
29193 1.0
29206 1.0
29223 1.0
29290 1.0
29302 1.0
29328 1.0
29329 1.0
29346 5.0
29370 4.0
29400 1.0
29507 1.0
29517 3.0
29549 13.0
29552 5.0
29555 1.0
29584 5.0
29614 3.0
29636 5.0
29641 4.0
29646 4.0
29648 3.0
29699 2.0
29776 1.0
29822 1.0
29825 2.0
29855 1.0
29860 3.0
29880 7.0
29899 3.0
29900 11.0
29936 1.0
29944 4.0
29951 3.0
29952 4.0
29955 15.0
29958 2.0
29960 7.0
29966 2.0
29970 1.0
30005 1.0
30020 1.0
30022 1.0
30057 5.0
30060 5.0
30087 1.0
30101 1.0
30117 2.0
30131 13.0
30149 2.0
30191 3.0
30192 1.0
30220 5.0
30271 6.0
30291 6.0
30296 4.0
30307 10.0
30322 1.0
30333 5.0
30334 1.0
30371 5.0
30387 2.0
30391 2.0
30403 1.0
30434 18.0
30443 1.0
30468 1.0
30529 5.0
30546 1.0
30553 11.0
30591 2.0
30616 8.0
30677 0.0
30694 1.0
30757 1.0
30768 5.0
30786 2.0
30809 3.0
30854 3.0
30905 13.0
30936 1.0
30975 1.0
30979 5.0
30982 3.0
30995 6.0
31000 2.0
31007 2.0
31019 5.0
31054 13.0
31056 3.0
31103 5.0
31107 3.0
31117 1.0
31156 1.0
31180 6.0
31246 2.0
31276 9.0
31283 2.0
31292 3.0
31297 1.0
31322 8.0
31386 2.0
31405 2.0
31427 1.0
31431 6.0
31435 5.0
31456 4.0
31478 6.0
31490 10.0
31497 2.0
31525 2.0
31571 11.0
31578 1.0
31631 2.0
31642 3.0
31648 1.0
31653 1.0
31700 15.0
31720 8.0
31742 6.0
31852 1.0
31872 1.0
31882 5.0
31891 1.0
31935 3.0
31957 3.0
31965 2.0
32014 1.0
32034 4.0
32045 1.0
32066 5.0
32073 6.0
32134 2.0
32163 3.0
32201 10.0
32216 3.0
32231 1.0
32279 5.0
32345 2.0
32359 1.0
32384 1.0
32402 1.0
32430 1.0
32454 1.0
32458 6.0
32463 3.0
32475 2.0
32502 2.0
32533 4.0
32566 2.0
32584 4.0
32614 2.0
32625 6.0
32652 1.0
32747 1.0
32771 5.0
32803 1.0
32817 2.0
32857 5.0
32891 3.0
32909 1.0
32933 6.0
32936 1.0
32986 1.0
32997 1.0
33019 1.0
33021 1.0
33108 1.0
33120 1.0
33133 1.0
33138 8.0
33141 3.0
33174 1.0
33190 3.0
33227 1.0
33303 5.0
33308 1.0
33309 7.0
33315 3.0
33329 5.0
33343 1.0
33445 6.0
33465 3.0
33551 11.0
33567 7.0
33615 4.0
33629 8.0
33634 5.0
33660 1.0
33665 5.0
33780 1.0
33793 2.0
33800 3.0
33804 5.0
33824 6.0
33827 1.0
33847 1.0
33850 5.0
33855 3.0
33869 9.0
33874 4.0
33877 6.0
33984 1.0
33985 2.0
33990 4.0
34014 4.0
34025 1.0
34038 7.0
34067 1.0
34083 21
34097 5.0
34106 2.0
34169 7.0
34177 3.0
34184 1.0
34265 6.0
34282 0.0
34288 3.0
34302 4.0
34346 1.0
34373 5.0
34402 1.0
34431 11.0
34435 10.0
34474 1.0
34496 11.0
34506 3.0
34508 6.0
34541 4.0
34556 1.0
34569 2.0
34593 4.0
34637 1.0
34646 3.0
34684 3.0
34693 1.0
34702 3.0
34733 1.0
34790 0.0
34795 10.0
34804 8.0
34808 5.0
34837 0.0
34840 2.0
34905 5.0
34919 3.0
34925 5.0
34938 1.0
34959 1.0
34975 3.0
35007 7.0
35010 2.0
35027 8.0
35059 14.0
35070 10.0
35084 1.0
35092 7.0
35111 4.0
35149 1.0
35157 1.0
35161 5.0
35203 6.0
35216 1.0
35220 8.0
35226 1.0
35293 3.0
35355 2.0
35432 1.0
35436 3.0
35501 7.0
35505 5.0
35512 1.0
35516 1.0
35551 3.0
35557 19.0
35665 1.0
35677 1.0
35691 5.0
35700 1.0
35702 6.0
35723 1.0
35741 1.0
35742 5.0
35767 3.0
35792 7.0
35848 4.0
35851 1.0
35875 15.0
35905 5.0
36003 6.0
36047 1.0
36064 11.0
36086 4.0
36102 2.0
36114 3.0
36122 3.0
36132 6.0
36147 7.0
36168 4.0
36236 5.0
36245 0.0
36264 1.0
36270 3.0
36272 3.0
36283 0.0
36289 1.0
36296 4.0
36379 4.0
36391 5.0
36393 1.0
36455 2.0
36464 2.0
36481 3.0
36533 1.0
36561 4.0
36596 0.0
36712 1.0
36724 0.0
36758 1.0
36764 2.0
36767 1.0
36773 5.0
36779 8.0
36787 1.0
36788 5.0
36797 2.0
36801 1.0
36802 1.0
36817 1.0
36819 1.0
36891 5.0
36964 2.0
37083 1.0
37085 1.0
37143 1.0
37169 1.0
37176 6.0
37200 6.0
37213 4.0
37221 2.0
37227 2.0
37269 10.0
37282 5.0
37373 1.0
37384 1.0
37395 1.0
37409 1.0
37412 2.0
37434 2.0
37537 1.0
37549 2.0
37619 2.0
37667 2.0
37700 1.0
37813 2.0
37851 2.0
37852 1.0
37864 1.0
37873 1.0
37897 8.0
37902 9.0
37909 4.0
37926 2.0
37942 3.0
37953 2.0
38043 7.0
38091 2.0
38108 3.0
38126 21
38140 20.0
38165 1.0
38188 2.0
38246 1.0
38261 4.0
38301 21
38326 2.0
38350 2.0
38371 2.0
38373 3.0
38380 4.0
38404 9.0
38410 2.0
38499 14.0
38502 12.0
38505 2.0
38592 3.0
38614 1.0
38703 7.0
38723 3.0
38742 7.0
38794 6.0
38818 2.0
38823 2.0
38834 2.0
38836 2.0
38844 1.0
38912 2.0
38916 2.0
38923 2.0
38945 1.0
38978 2.0
39008 2.0
39009 2.0
39028 2.0
39065 2.0
39107 2.0
39110 2.0
39122 1.0
39133 1.0
39153 3.0
39168 4.0
39190 1.0
39226 1.0
39238 1.0
39242 1.0
39252 7.0
39265 2.0
39287 10.0
39290 2.0
39364 6.0
39400 1.0
39428 1.0
39583 1.0
39620 2.0
39626 10.0
39627 10.0
39656 21
39667 8.0
39677 1.0
39714 2.0
39751 5.0
39805 7.0
39819 2.0
39839 1.0
39855 1.0
39881 3.0
39891 1.0
39914 2.0
39926 1.0
40045 2.0
40064 6.0
40079 3.0
40109 5.0
40122 6.0
40128 4.0
40136 1.0
40143 3.0
40248 6.0
40249 5.0
40322 2.0
40374 5.0
40397 5.0
40431 10.0
40435 2.0
40480 2.0
40551 8.0
40630 2.0
40646 2.0
40661 6.0
40723 2.0
40812 2.0
40847 2.0
40851 1.0
40872 6.0
40891 3.0
40908 1.0
40944 7.0
40958 2.0
40995 2.0
41001 4.0
41030 2.0
41076 1.0
41172 3.0
41206 2.0
41268 1.0
41275 1.0
41294 3.0
41304 2.0
41351 1.0
41374 2.0
41385 3.0
41395 2.0
41404 5.0
41524 4.0
41551 9.0
41565 1.0
41654 1.0
41683 1.0
41710 5.0
41713 6.0
41729 2.0
41747 6.0
41781 9.0
41828 8.0
41847 21
41915 2.0
41933 6.0
41940 3.0
41960 1.0
41976 4.0
41985 2.0
42042 1.0
42137 1.0
42149 2.0
42169 6.0
42173 1.0
42176 1.0
42231 3.0
42250 2.0
42280 1.0
42297 2.0
42328 1.0
42394 1.0
42407 1.0
42422 1.0
42423 2.0
42448 3.0
42459 4.0
42476 5.0
42483 1.0
42518 3.0
42535 7.0
42544 2.0
42549 10.0
42603 4.0
42617 1.0
42641 1.0
42659 1.0
42709 5.0
42712 1.0
42718 1.0
42742 1.0
42799 2.0
42819 1.0
42855 6.0
42860 5.0
42915 1.0
42938 6.0
42947 1.0
42948 1.0
42989 3.0
42998 1.0
43003 1.0
43016 1.0
43017 2.0
43025 17.0
43116 6.0
43128 1.0
43144 8.0
43184 12.0
43220 5.0
43230 1.0
43261 2.0
43269 21
43296 2.0
43322 8.0
43324 1.0
43382 3.0
43419 2.0
43422 2.0
43452 5.0
43458 4.0
43462 3.0
43465 8.0
43468 5.0
43469 12.0
43481 2.0
43492 4.0
43499 9.0
43512 9.0
43516 4.0
43553 15.0
43567 7.0
43596 1.0
43598 1.0
43605 3.0
43608 13.0
43647 5.0
43696 4.0
43701 1.0
43719 21
43725 7.0
43842 21
43863 7.0
43877 21
43901 12.0
43910 21
43925 5.0
43951 9.0
44024 1.0
44032 1.0
44037 1.0
44046 6.0
44058 1.0
44060 1.0
44091 1.0
44100 2.0
44116 3.0
44119 5.0
44123 1.0
44125 1.0
44154 7.0
44184 1.0
44200 2.0
44201 3.0
44212 6.0
44267 2.0
44280 1.0
44287 2.0
44345 2.0
44373 13.0
44378 3.0
44397 16.0
44445 4.0
44458 17.0
44463 2.0
44562 11.0
44572 1.0
44584 1.0
44595 11.0
44607 3.0
44623 5.0
44655 15.0
44657 4.0
44702 5.0
44740 21
44799 6.0
44860 1.0
44891 6.0
44949 2.0
44966 1.0
44977 6.0
45006 1.0
45030 4.0
45050 4.0
45072 1.0
45095 1.0
45149 5.0
45161 21
45183 4.0
45191 3.0
45199 18.0
45220 1.0
45238 6.0
45277 1.0
45401 3.0
45473 10.0
45516 11.0
45523 10.0
45529 6.0
45706 9.0
45732 10.0
45748 1.0
45749 4.0
45776 6.0
45780 8.0
45856 9.0
45861 2.0
45914 1.0
45937 1.0
45976 4.0
46007 3.0
46017 13.0
46061 5.0
46088 5.0
46091 7.0
46122 1.0
46135 7.0
46206 6.0
46270 2.0
46285 1.0
46327 1.0
46341 1.0
46361 5.0
46406 2.0
46411 1.0
46413 1.0
46475 3.0
46484 3.0
46499 1.0
46510 1.0
46514 5.0
46547 4.0
46574 5.0
46597 5.0
46599 1.0
46617 6.0
46633 6.0
46651 3.0
46665 1.0
46667 4.0
46696 5.0
46720 3.0
46792 3.0
46805 21
46806 2.0
46849 1.0
46873 9.0
46891 3.0
46896 7.0
46900 1.0
46948 21
46983 21
47007 8.0
47022 9.0
47042 1.0
47045 5.0
47078 4.0
47086 6.0
47114 3.0
47118 5.0
47145 1.0
47148 1.0
47152 1.0
47186 2.0
47189 1.0
47225 1.0
47231 2.0
47285 1.0
47305 1.0
47321 1.0
47343 1.0
47356 1.0
47407 1.0
47416 2.0
47417 1.0
47476 2.0
47500 2.0
47526 1.0
47567 1.0
47583 2.0
47586 1.0
47592 1.0
47593 1.0
47599 2.0
47615 1.0
47626 1.0
47651 1.0
47677 12.0
47680 12.0
47716 5.0
47731 18.0
47813 2.0
47837 21
47906 2.0
47908 1.0
47909 2.0
47970 8.0
48008 7.0
48013 2.0
48018 18.0
48030 21
48048 4.0
48071 1.0
48073 1.0
48111 21
48142 2.0
48143 8.0
48158 2.0
48194 3.0
48338 7.0
48344 6.0
48369 8.0
48403 6.0
48478 7.0
48482 2.0
48529 2.0
48590 2.0
48613 2.0
48680 2.0
48696 2.0
48716 2.0
48718 2.0
48724 2.0
48730 2.0
48744 2.0
48764 2.0
48768 2.0
48837 1.0
48842 1.0
48865 1.0
48879 6.0
48911 6.0
48928 1.0
48937 2.0
49030 9.0
49077 4.0
49079 4.0
49139 9.0
49168 2.0
49172 1.0
49178 2.0
49183 5.0
49285 3.0
49320 3.0
49338 1.0
49357 1.0
49388 4.0
49402 5.0
49444 2.0
49471 3.0
49497 3.0
49512 4.0
49531 7.0
49540 2.0
49601 3.0
49621 3.0
49642 4.0
49644 5.0
49719 3.0
49720 4.0
49722 5.0
49744 3.0
49753 6.0
49797 5.0
49814 6.0
49852 5.0
49873 5.0
49879 1.0
49887 3.0
49888 5.0
49944 2.0
50003 1.0
50005 2.0
50038 10.0
50059 1.0
50066 6.0
50073 2.0
50075 3.0
50098 1.0
50154 2.0
50166 1.0
50239 1.0
50245 1.0
50248 1.0
50257 2.0
50260 1.0
50266 1.0
50282 1.0
50283 1.0
50292 3.0
50323 4.0
50349 2.0
50357 6.0
50380 6.0
50386 2.0
50444 5.0
50451 2.0
50471 2.0
50477 2.0
50514 2.0
50521 2.0
50551 2.0
50743 6.0
50756 8.0
50773 6.0
50775 6.0
50798 1.0
50804 2.0
50890 2.0
50908 7.0
50936 2.0
50946 4.0
50999 2.0
51002 1.0
51008 4.0
51014 1.0
51042 3.0
51044 3.0
51069 4.0
51074 2.0
51078 1.0
51091 6.0
51137 5.0
51172 4.0
51195 4.0
51212 4.0
51247 6.0
51268 1.0
51279 1.0
51283 3.0
51300 5.0
51327 8.0
51351 2.0
51419 2.0
51442 2.0
51453 1.0
51462 4.0
51510 1.0
51516 2.0
51522 1.0
51531 2.0
51544 6.0
51551 1.0
51576 1.0
51581 1.0
51638 3.0
51675 1.0
51677 2.0
51679 2.0
51706 6.0
51731 7.0
51764 1.0
51770 5.0
51782 12.0
51789 5.0
51810 8.0
51818 4.0
51826 1.0
51835 4.0
51836 6.0
51893 1.0
51903 10.0
51915 5.0
51930 1.0
51949 2.0
51982 3.0
52031 1.0
52037 1.0
52039 1.0
52046 1.0
52054 1.0
52057 1.0
52089 4.0
52101 1.0
52146 3.0
52172 1.0
52226 3.0
52253 1.0
52313 4.0
52325 3.0
52368 4.0
52441 8.0
52455 3.0
52482 21
52501 18.0
52536 6.0
52541 3.0
52692 1.0
52717 1.0
52727 1.0
52731 7.0
52741 1.0
52778 1.0
52799 2.0
52804 1.0
52860 1.0
52865 5.0
52868 12.0
52885 9.0
52923 3.0
52958 7.0
53057 5.0
53069 13.0
53070 5.0
53078 3.0
53107 1.0
53128 6.0
53131 21
53140 3.0
53229 3.0
53231 6.0
53261 8.0
53262 5.0
53284 5.0
53289 1.0
53303 4.0
53315 4.0
53366 1.0
53373 3.0
53429 1.0
53433 12.0
53434 1.0
53654 1.0
53686 21
53707 1.0
53710 4.0
53729 6.0
53743 7.0
53744 4.0
53749 1.0
53751 7.0
53754 1.0
53810 1.0
53871 7.0
53893 1.0
53897 1.0
53967 3.0
54037 1.0
54039 1.0
54059 1.0
54087 21
54089 8.0
54090 6.0
54116 1.0
54120 8.0
54152 4.0
54195 6.0
54253 5.0
54292 3.0
54310 1.0
54314 5.0
54356 21
54416 6.0
54477 8.0
54483 3.0
54513 8.0
54525 2.0
54546 1.0
54555 1.0
54556 6.0
54595 7.0
54596 7.0
54607 2.0
54640 1.0
54658 2.0
54673 4.0
54678 6.0
54682 1.0
54722 5.0
54728 2.0
54739 2.0
54740 3.0
54756 6.0
54760 2.0
54763 1.0
54774 4.0
54807 4.0
54830 2.0
54896 2.0
54959 2.0
55009 1.0
55012 2.0
55060 5.0
55122 1.0
55166 7.0
55206 2.0
55227 2.0
55245 1.0
55302 1.0
55308 1.0
55330 1.0
55334 1.0
55338 2.0
55359 16.0
55458 6.0
55470 3.0
55490 6.0
55525 21
55528 2.0
55559 1.0
55580 2.0
55588 1.0
55594 10.0
55679 2.0
55680 1.0
55727 2.0
55740 1.0
55742 1.0
55744 1.0
55791 1.0
55805 7.0
55819 2.0
55830 1.0
55842 5.0
55886 1.0
55903 16.0
55990 5.0
56021 1.0
56080 7.0
56090 13.0
56125 1.0
56127 6.0
56175 1.0
56187 4.0
56204 3.0
56254 4.0
56266 1.0
56275 3.0
56339 3.0
56341 2.0
56421 1.0
56444 4.0
56456 21
56461 1.0
56464 6.0
56486 5.0
56487 1.0
56534 21
56538 21
56555 4.0
56589 2.0
56596 21
56600 21
56659 4.0
56701 1.0
56708 1.0
56747 1.0
56765 1.0
56775 1.0
56862 1.0
56887 1.0
56914 2.0
56939 1.0
56956 1.0
56975 1.0
56995 1.0
57006 1.0
57031 2.0
57046 1.0
57108 2.0
57144 1.0
57163 12.0
57168 21
57208 1.0
57232 3.0
57247 1.0
57261 2.0
57272 10.0
57292 9.0
57302 2.0
57305 1.0
57318 5.0
57324 5.0
57352 6.0
57384 1.0
57408 21
57432 12.0
57476 2.0
57521 2.0
57539 14.0
57561 1.0
57573 3.0
57623 2.0
57628 4.0
57635 7.0
57657 3.0
57658 2.0
57659 2.0
57687 2.0
57693 3.0
57700 21
57706 12.0
57732 11.0
57735 9.0
57786 2.0
57792 2.0
57816 2.0
57843 2.0
57877 2.0
57879 2.0
57885 2.0
57898 2.0
57938 2.0
57943 2.0
57949 2.0
58059 3.0
58081 1.0
58085 1.0
58102 1.0
58110 1.0
58143 3.0
58187 4.0
58192 3.0
58212 4.0
58304 1.0
58351 1.0
58442 1.0
58487 1.0
58495 1.0
58511 1.0
58605 2.0
58701 5.0
58773 13.0
58778 4.0
58825 2.0
58852 3.0
58899 10.0
58908 6.0
58922 4.0
58923 4.0
59011 1.0
59012 1.0
59023 8.0
59045 21
59061 3.0
59100 21
59154 1.0
59210 4.0
59241 4.0
59283 2.0
59304 1.0
59306 1.0
59344 1.0
59368 0.0
59385 1.0
59401 1.0
59403 1.0
59406 6.0
59442 1.0
59479 1.0
59511 6.0
59567 5.0
59574 3.0
59576 7.0
59591 3.0
59608 4.0
59619 1.0
59627 6.0
59683 6.0
59732 1.0
59802 6.0
59811 1.0
59821 10.0
59892 4.0
59901 1.0
59971 4.0
60024 2.0
60026 5.0
60034 2.0
60133 5.0
60175 2.0
60182 20.0
60183 7.0
60203 10.0
60208 1.0
60229 13.0
60240 2.0
60255 9.0
60269 6.0
60282 1.0
60289 3.0
60305 1.0
60314 6.0
60335 3.0
60361 1.0
60482 6.0
60541 2.0
60542 6.0
60576 1.0
60632 7.0
60671 3.0
60681 1.0
60682 6.0
60714 4.0
60748 1.0
60772 3.0
60835 1.0
60838 3.0
60859 2.0
60906 2.0
60919 6.0
60963 1.0
60982 7.0
61003 4.0
61005 4.0
61058 21
61064 6.0
61082 6.0
61129 5.0
61148 5.0
61153 2.0
61189 7.0
61200 21
61225 6.0
61249 10.0
61310 1.0
61367 4.0
61368 1.0
61392 2.0
61395 1.0
61403 1.0
61404 1.0
61406 1.0
61518 1.0
61559 12.0
61602 8.0
61625 10.0
61700 6.0
61716 4.0
61759 2.0
61822 1.0
61851 7.0
61856 3.0
61884 4.0
61887 3.0
61888 1.0
61928 3.0
61942 2.0
61958 3.0
62014 7.0
62041 1.0
62046 8.0
62076 3.0
62101 4.0
62144 4.0
62204 3.0
62226 2.0
62267 21
62292 9.0
62312 1.0
62321 1.0
62340 2.0
62369 5.0
62382 11.0
62384 1.0
62393 2.0
62397 5.0
62399 21
62413 3.0
62417 1.0
62441 4.0
62445 3.0
62502 2.0
62521 1.0
62540 2.0
62552 6.0
62591 10.0
62623 2.0
62629 5.0
62632 1.0
62638 1.0
62647 1.0
62656 3.0
62692 3.0
62726 2.0
62785 5.0
62852 2.0
62860 1.0
62889 2.0
62924 6.0
62951 3.0
62987 5.0
62999 7.0
63021 2.0
63022 2.0
63098 1.0
63113 7.0
63114 1.0
63161 1.0
63168 1.0
63185 1.0
63202 5.0
63208 5.0
63237 9.0
63244 1.0
63259 1.0
63334 1.0
63354 8.0
63370 1.0
63371 13.0
63383 6.0
63386 6.0
63430 5.0
63439 5.0
63448 5.0
63482 3.0
63508 3.0
63517 6.0
63522 6.0
63547 2.0
63548 4.0
63623 2.0
63624 2.0
63675 4.0
63696 2.0
63711 1.0
63748 3.0
63884 3.0
63951 2.0
63977 9.0
63989 2.0
64028 21
64050 21
64052 1.0
64063 3.0
64095 4.0
64106 7.0
64211 8.0
64234 1.0
64315 3.0
64342 1.0
64348 2.0
64366 3.0
64377 3.0
64433 1.0
64472 4.0
64473 1.0
64476 5.0
64481 1.0
64501 1.0
64565 3.0
64579 6.0
64599 10.0
64617 4.0
64636 3.0
64649 2.0
64693 4.0
64752 2.0
64759 17.0
64767 2.0
64789 1.0
64794 9.0
64833 2.0
64850 9.0
64937 8.0
64946 4.0
65010 10.0
65012 7.0
65061 8.0
65070 7.0
65080 1.0
65083 3.0
65123 5.0
65130 1.0
65149 20.0
65179 1.0
65240 6.0
65309 21
65326 2.0
65369 9.0
65388 2.0
65391 1.0
65406 1.0
65450 7.0
65457 3.0
65474 1.0
65496 19.0
65504 8.0
65505 1.0
65534 6.0
65570 5.0
65576 6.0
65597 1.0
65605 1.0
65676 1.0
65680 1.0
65721 6.0
65722 2.0
65751 8.0
65784 12.0
65800 3.0
65841 1.0
65881 1.0
65903 1.0
65915 7.0
65970 1.0
65997 1.0
66029 2.0
66031 4.0
66072 1.0
66095 4.0
66096 5.0
66144 4.0
66162 3.0
66165 5.0
66168 7.0
66271 1.0
66288 1.0
66293 1.0
66315 1.0
66330 1.0
66332 1.0
66343 1.0
66368 1.0
66385 1.0
66451 1.0
66473 2.0
66509 1.0
66517 1.0
66592 1.0
66602 1.0
66614 1.0
66700 4.0
66893 2.0
66907 2.0
66911 2.0
66929 0.0
66952 2.0
66962 2.0
67009 2.0
67026 2.0
67047 2.0
67108 2.0
67109 2.0
67132 2.0
67151 1.0
67169 3.0
67185 4.0
67193 1.0
67208 2.0
67251 4.0
67330 4.0
67385 1.0
67439 2.0
67446 5.0
67478 6.0
67483 3.0
67529 5.0
67533 5.0
67558 8.0
67585 1.0
67626 12.0
67628 17.0
67661 1.0
67664 1.0
67696 11.0
67771 1.0
67792 3.0
67813 3.0
67814 4.0
67895 4.0
67903 5.0
67938 6.0
67980 2.0
67983 2.0
68089 5.0
68100 1.0
68112 6.0
68123 6.0
68136 5.0
68161 5.0
68180 4.0
68189 11.0
68214 1.0
68233 5.0
68280 1.0
68300 2.0
68328 6.0
68330 1.0
68392 2.0
68422 2.0
68427 1.0
68430 1.0
68450 7.0
68453 21
68464 4.0
68557 1.0
68593 3.0
68625 1.0
68638 8.0
68756 1.0
68789 1.0
68831 4.0
68833 4.0
68857 6.0
68876 8.0
68927 4.0
68939 17.0
68969 7.0
68981 21
69004 13.0
69050 6.0
69084 2.0
69091 1.0
69137 1.0
69157 2.0
69183 1.0
69262 3.0
69269 1.0
69277 3.0
69288 2.0
69302 2.0
69315 1.0
69335 7.0
69346 2.0
69364 2.0
69395 6.0
69402 9.0
69417 2.0
69478 2.0
69494 2.0
69508 2.0
69514 1.0
69563 1.0
69575 6.0
69577 4.0
69579 1.0
69591 5.0
69648 6.0
69673 1.0
69688 3.0
69723 7.0
69732 7.0
69749 4.0
69751 1.0
69811 4.0
69812 4.0
69821 2.0
69826 2.0
69843 3.0
69855 1.0
69858 21
69933 5.0
69944 5.0
70012 1.0
70024 6.0
70065 4.0
70113 4.0
70132 1.0
70156 21
70182 2.0
70187 2.0
70249 3.0
70282 4.0
70320 21
70342 5.0
70350 2.0
70355 5.0
70374 1.0
70398 1.0
70438 8.0
70486 5.0
70517 2.0
70535 9.0
70541 9.0
70573 6.0
70629 11.0
70718 5.0
70720 3.0
70722 4.0
70730 1.0
70733 1.0
70747 2.0
70804 9.0
70816 2.0
70894 4.0
70978 7.0
71011 6.0
71057 5.0
71080 3.0
71108 15.0
71111 4.0
71114 2.0
71153 1.0
71188 5.0
71199 18.0
71220 3.0
71233 3.0
71356 1.0
71386 3.0
71389 5.0
71392 5.0
71399 6.0
71471 3.0
71516 4.0
71533 2.0
71619 7.0
71639 2.0
71645 7.0
71648 2.0
71679 1.0
71680 8.0
71689 1.0
71698 7.0
71701 21
71709 1.0
71762 5.0
71770 1.0
71790 1.0
71877 0.0
71883 7.0
71891 4.0
71897 8.0
71907 2.0
71914 7.0
71916 4.0
71922 15.0
71965 2.0
71985 21
71990 9.0
72074 2.0
72102 3.0
72105 6.0
72159 1.0
72180 1.0
72200 1.0
72221 9.0
72246 8.0
72265 1.0
72292 1.0
72298 3.0
72364 5.0
72397 6.0
72409 7.0
72457 5.0
72465 6.0
72481 7.0
72482 3.0
72490 3.0
72495 4.0
72516 3.0
72558 7.0
72560 7.0
72565 1.0
72576 5.0
72577 3.0
72582 3.0
72608 1.0
72610 6.0
72618 7.0
72652 6.0
72664 1.0
72670 1.0
72682 6.0
72686 7.0
72689 6.0
72691 1.0
72711 3.0
72774 9.0
72778 4.0
72795 12.0
72796 7.0
72820 4.0
72868 1.0
72870 1.0
72872 1.0
72874 1.0
72922 1.0
72938 1.0
72952 1.0
72975 4.0
72981 1.0
73020 3.0
73037 7.0
73056 8.0
73066 1.0
73085 2.0
73129 21
73151 7.0
73174 3.0
73196 8.0
73255 1.0
73266 1.0
73270 11.0
73280 1.0
73285 4.0
73300 4.0
73319 1.0
73327 12.0
73334 1.0
73341 3.0
73430 21
73435 3.0
73450 7.0
73471 1.0
73491 8.0
73505 1.0
73513 1.0
73561 1.0
73574 1.0
73579 1.0
73596 10.0
73616 2.0
73618 1.0
73622 1.0
73627 18.0
73670 1.0
73699 6.0
73711 3.0
73721 2.0
73735 2.0
73741 1.0
73756 1.0
73760 1.0
73796 6.0
73818 5.0
73843 7.0
73866 1.0
73893 1.0
73900 12.0
73968 2.0
73976 6.0
73999 5.0
74005 6.0
74011 6.0
74027 9.0
74040 4.0
74059 2.0
74063 4.0
74074 4.0
74085 1.0
74111 6.0
74115 10.0
74146 7.0
74186 5.0
74216 7.0
74219 5.0
74240 6.0
74243 4.0
74263 3.0
74274 6.0
74275 2.0
74283 1.0
74294 2.0
74324 1.0
74345 1.0
74493 2.0
74499 1.0
74535 2.0
74550 1.0
74551 2.0
74567 2.0
74607 1.0
74633 1.0
74730 2.0
74739 6.0
74885 1.0
74958 3.0
74963 8.0
74973 2.0
74995 3.0
75004 4.0
75008 2.0
75011 2.0
75027 1.0
75028 21
75031 3.0
75038 1.0
75050 1.0
75075 4.0
75128 21
75129 3.0
75163 1.0
75175 5.0
75182 5.0
75184 6.0
75232 7.0
75239 12.0
75246 1.0
75272 4.0
75280 8.0
75282 11.0
75337 4.0
75343 6.0
75377 4.0
75390 2.0
75412 7.0
75438 7.0
75443 17.0
75481 4.0
75492 1.0
75561 5.0
75603 7.0
75608 5.0
75638 6.0
75646 5.0
75658 7.0
75694 10.0
75771 4.0
75773 6.0
75806 6.0
75883 5.0
75927 4.0
75930 5.0
75954 3.0
76029 1.0
76032 1.0
76045 2.0
76060 2.0
76131 2.0
76143 2.0
76145 1.0
76276 2.0
76300 2.0
76328 1.0
76342 1.0
76361 1.0
76365 1.0
76410 1.0
76428 2.0
76429 20.0
76436 14.0
76458 9.0
76466 5.0
76484 3.0
76486 4.0
76531 3.0
76574 2.0
76617 2.0
76672 2.0
76679 2.0
76710 2.0
76748 2.0
76799 2.0
76818 2.0
76823 2.0
76839 2.0
76864 2.0
76866 2.0
76868 2.0
76895 2.0
76948 3.0
76986 1.0
77001 4.0
77040 3.0
77062 1.0
77073 4.0
77119 1.0
77160 1.0
77171 5.0
77189 1.0
77221 3.0
77223 2.0
77231 2.0
77233 1.0
77236 1.0
77245 3.0
77290 5.0
77321 2.0
77346 5.0
77363 7.0
77389 1.0
77426 6.0
77448 6.0
77484 9.0
77525 5.0
77542 1.0
77564 8.0
77580 2.0
77581 2.0
77611 1.0
77628 1.0
77629 1.0
77661 4.0
77667 1.0
77702 1.0
77712 2.0
77724 1.0
77769 14.0
77790 6.0
77794 1.0
77796 1.0
77814 8.0
77824 21
77830 7.0
77913 6.0
77947 13.0
77954 21
77973 2.0
78031 1.0
78048 21
78059 2.0
78077 2.0
78084 5.0
78107 5.0
78117 17.0
78123 1.0
78162 5.0
78192 4.0
78258 1.0
78297 2.0
78333 2.0
78347 6.0
78348 10.0
78366 2.0
78388 4.0
78433 2.0
78437 2.0
78451 2.0
78477 3.0
78481 4.0
78495 7.0
78504 13.0
78508 1.0
78516 16.0
78533 4.0
78540 2.0
78632 2.0
78635 2.0
78687 1.0
78702 7.0
78704 4.0
78735 1.0
78751 2.0
78756 7.0
78769 1.0
78777 1.0
78783 1.0
78795 3.0
78796 4.0
78828 3.0
78834 3.0
78871 3.0
78920 3.0
78951 3.0
79004 1.0
79016 2.0
79024 4.0
79026 2.0
79027 1.0
79046 8.0
79085 2.0
79098 2.0
79100 3.0
79130 2.0
79182 2.0
79231 1.0
79240 3.0
79270 1.0
79294 10.0
79344 2.0
79364 1.0
79384 5.0
79405 1.0
79420 5.0
79473 5.0
79503 1.0
79534 3.0
79558 2.0
79561 21
79565 2.0
79576 7.0
79580 4.0
79585 4.0
79642 3.0
79723 3.0
79731 7.0
79745 2.0
79747 2.0
79776 4.0
79809 8.0
79816 2.0
79817 5.0
79830 6.0
79845 3.0
79864 4.0
79891 2.0
79895 5.0
79915 6.0
80090 5.0
80122 1.0
80129 1.0
80252 8.0
80277 4.0
80293 2.0
80306 21
80335 2.0
80349 3.0
80352 1.0
80361 2.0
80421 3.0
80534 1.0
80535 1.0
80556 3.0
80584 5.0
80604 6.0
80609 1.0
80628 1.0
80653 5.0
80667 3.0
80673 1.0
80674 2.0
80676 2.0
80696 4.0
80704 8.0
80716 1.0
80732 5.0
80760 4.0
80772 1.0
80786 1.0
80792 10.0
80794 8.0
80823 4.0
80883 5.0
80892 2.0
80910 21
80928 9.0
80943 1.0
80962 1.0
80980 7.0
81003 6.0
81041 4.0
81043 2.0
81084 7.0
81130 6.0
81134 1.0
81144 1.0
81192 9.0
81199 1.0
81261 4.0
81318 1.0
81386 21
81387 2.0
81406 1.0
81455 1.0
81495 1.0
81512 16.0
81544 6.0
81554 4.0
81558 1.0
81559 1.0
81564 1.0
81606 6.0
81622 1.0
81637 1.0
81650 21
81666 8.0
81680 6.0
81683 1.0
81696 2.0
81731 2.0
81739 3.0
81781 1.0
81785 12.0
81837 3.0
81908 21
81911 1.0
81935 7.0
81948 18.0
81961 21
82017 1.0
82065 10.0
82112 1.0
82140 1.0
82141 1.0
82143 4.0
82181 6.0
82204 1.0
82231 7.0
82236 1.0
82240 2.0
82284 13.0
82313 4.0
82355 7.0
82384 2.0
82454 8.0
82462 2.0
82527 7.0
82559 2.0
82584 2.0
82625 3.0
82647 2.0
82699 6.0
82793 1.0
82804 5.0
82823 7.0
82894 1.0
82914 2.0
82915 6.0
82973 1.0
82974 4.0
82989 6.0
82999 3.0
83031 3.0
83072 7.0
83074 1.0
83144 7.0
83156 4.0
83197 4.0
83209 1.0
83235 1.0
83239 11.0
83242 14.0
83256 21
83261 4.0
83264 2.0
83291 6.0
83315 8.0
83329 10.0
83337 7.0
83370 2.0
83392 21
83447 3.0
83492 3.0
83528 4.0
83531 4.0
83550 2.0
83579 6.0
83582 4.0
83673 1.0
83690 5.0
83726 7.0
83781 4.0
83794 4.0
83795 6.0
83829 5.0
83836 3.0
83837 4.0
83843 1.0
83877 7.0
83886 1.0
83898 4.0
83901 3.0
83919 6.0
83926 5.0
83930 7.0
83961 1.0
83974 5.0
83991 8.0
84077 1.0
84086 1.0
84098 1.0
84115 1.0
84137 2.0
84152 1.0
84217 1.0
84223 1.0
84232 1.0
84238 1.0
84241 2.0
84264 1.0
84319 1.0
84364 2.0
84389 2.0
84400 1.0
84426 1.0
84444 2.0
84492 2.0
84505 2.0
84509 2.0
84592 2.0
84604 2.0
84619 2.0
84654 2.0
84659 2.0
84662 2.0
84718 6.0
84739 5.0
84761 2.0
84790 1.0
84792 2.0
84843 21
84861 1.0
84866 7.0
84892 7.0
84903 4.0
84952 20.0
84957 7.0
84972 14.0
85038 8.0
85050 6.0
85061 7.0
85156 8.0
85167 5.0
85174 9.0
85187 1.0
85212 2.0
85213 21
85229 1.0
85280 16.0
85303 5.0
85347 6.0
85363 7.0
85377 4.0
85409 5.0
85519 7.0
85535 4.0
85554 0.0
85567 8.0
85577 5.0
85605 5.0
85608 5.0
85629 7.0
85656 4.0
85660 7.0
85675 7.0
85688 7.0
85713 4.0
85718 5.0
85724 7.0
85743 10.0
85752 5.0
85765 5.0
85766 10.0
85771 8.0
85775 5.0
85792 5.0
85812 1.0
85816 5.0
85831 2.0
85836 4.0
85840 5.0
85896 21
85899 5.0
85912 9.0
85919 2.0
85920 3.0
85953 8.0
86031 8.0
86033 6.0
86046 2.0
86109 1.0
86168 2.0
86177 6.0
86215 1.0
86267 1.0
86316 4.0
86397 2.0
86444 4.0
86460 5.0
86467 2.0
86476 1.0
86507 4.0
86529 5.0
86625 2.0
86633 6.0
86663 8.0
86693 3.0
86758 1.0
86760 1.0
86781 1.0
86782 3.0
86801 21
86814 5.0
86829 1.0
86877 2.0
86880 1.0
86911 2.0
86919 3.0
87002 2.0
87052 8.0
87072 7.0
87086 21
87118 12.0
87120 21
87127 6.0
87152 2.0
87176 1.0
87182 1.0
87186 1.0
87193 5.0
87240 1.0
87270 2.0
87273 2.0
87281 3.0
87315 6.0
87360 2.0
87428 3.0
87434 10.0
87467 1.0
87475 7.0
87490 3.0
87518 2.0
87523 1.0
87538 5.0
87547 4.0
87553 2.0
87594 4.0
87596 3.0
87638 1.0
87640 1.0
87664 7.0
87668 6.0
87724 2.0
87730 2.0
87745 3.0
87747 7.0
87748 1.0
87757 1.0
87789 1.0
87815 7.0
87828 2.0
87834 1.0
87841 1.0
87882 7.0
87913 6.0
87926 5.0
87970 1.0
88007 4.0
88012 6.0
88013 4.0
88043 1.0
88051 1.0
88077 1.0
88125 5.0
88138 2.0
88236 5.0
88250 9.0
88267 4.0
88289 5.0
88382 1.0
88405 4.0
88423 8.0
88429 1.0
88437 1.0
88486 6.0
88520 7.0
88547 5.0
88561 8.0
88571 2.0
88578 5.0
88623 1.0
88658 5.0
88659 2.0
88713 5.0
88788 4.0
88820 1.0
88834 3.0
88921 21
88978 4.0
89129 1.0
89145 2.0
89186 4.0
89212 2.0
89214 1.0
89246 5.0
89290 7.0
89311 1.0
89326 21
89330 9.0
89382 1.0
89384 8.0
89397 2.0
89424 2.0
89454 19.0
89456 2.0
89468 6.0
89510 2.0
89511 3.0
89540 3.0
89570 3.0
89575 3.0
89621 1.0
89652 1.0
89726 7.0
89754 6.0
89755 4.0
89758 8.0
89759 1.0
89775 2.0
89785 8.0
89807 1.0
89819 3.0
89837 1.0
89862 1.0
89891 1.0
89905 1.0
89969 3.0
90056 4.0
90063 1.0
90065 1.0
90087 1.0
90098 3.0
90103 1.0
90119 2.0
90127 4.0
90132 2.0
90145 1.0
90149 2.0
90161 7.0
90171 6.0
90172 2.0
90211 4.0
90213 1.0
90225 2.0
90232 8.0
90235 5.0
90236 1.0
90245 11.0
90246 2.0
90248 4.0
90318 4.0
90319 21
90328 21
90331 5.0
90339 1.0
90361 3.0
90387 4.0
90395 1.0
90445 10.0
90464 1.0
90507 5.0
90508 2.0
90560 5.0
90569 4.0
90574 2.0
90589 2.0
90606 5.0
90653 3.0
90656 2.0
90734 1.0
90787 8.0
90789 1.0
90803 2.0
90807 2.0
90833 4.0
90835 2.0
90851 3.0
90857 2.0
90868 5.0
90890 3.0
90904 6.0
90909 2.0
90911 2.0
90916 2.0
90920 1.0
90944 3.0
90948 1.0
90968 2.0
90988 2.0
90993 1.0
91017 1.0
91025 6.0
91070 8.0
91100 2.0
91114 19.0
91117 21
91127 2.0
91186 2.0
91195 2.0
91205 2.0
91268 2.0
91269 2.0
91274 2.0
91290 2.0
91308 2.0
91323 2.0
91339 2.0
91363 21
91364 2.0
91368 4.0
91372 3.0
91403 2.0
91463 2.0
91466 5.0
91550 2.0
91576 2.0
91615 6.0
91626 4.0
91627 1.0
91677 5.0
91719 2.0
91744 2.0
91773 2.0
91811 2.0
91820 4.0
91826 5.0
91866 6.0
91873 4.0
91893 3.0
91894 6.0
91896 2.0
91903 4.0
91912 2.0
91914 6.0
91916 3.0
91952 9.0
91978 2.0
92008 2.0
92025 8.0
92044 6.0
92081 2.0
92082 10.0
92121 2.0
92207 21
92237 4.0
92266 4.0
92271 21
92279 6.0
92300 4.0
92368 1.0
92371 2.0
92380 2.0
92403 2.0
92412 2.0
92427 2.0
92430 2.0
92440 2.0
92454 2.0
92460 2.0
92463 2.0
92471 2.0
92489 2.0
92496 2.0
92548 2.0
92557 18.0
92583 1.0
92598 2.0
92654 6.0
92656 6.0
92667 6.0
92670 3.0
92756 3.0
92769 10.0
92779 5.0
92785 3.0
92811 3.0
92817 6.0
92826 1.0
92836 4.0
92847 3.0
92911 8.0
92932 2.0
92946 3.0
93025 5.0
93035 5.0
93042 5.0
93080 10.0
93120 6.0
93144 6.0
93192 7.0
93205 10.0
93232 8.0
93240 5.0
93264 21
93270 9.0
93278 2.0
93303 9.0
93312 9.0
93330 21
93340 5.0
93371 1.0
93399 13.0
93421 1.0
93441 3.0
93448 5.0
93464 2.0
93472 3.0
93487 21
93495 2.0
93531 3.0
93539 2.0
93566 1.0
93574 1.0
93662 21
93703 1.0
93713 5.0
93720 11.0
93750 21
93761 21
93826 18.0
93833 2.0
93837 7.0
93838 1.0
93840 9.0
93878 21
93895 2.0
93959 11.0
93987 11.0
94025 1.0
94046 2.0
94064 2.0
94069 3.0
94075 10.0
94082 4.0
94096 13.0
94106 21
94140 6.0
94156 10.0
94166 21
94214 5.0
94233 6.0
94236 4.0
94239 7.0
94241 5.0
94285 8.0
94287 10.0
94302 1.0
94339 4.0
94345 6.0
94365 2.0
94410 5.0
94444 4.0
94475 9.0
94527 18.0
94557 21
94625 7.0
94671 8.0
94695 6.0
94698 5.0
94711 1.0
94755 7.0
94776 2.0
94804 5.0
94851 7.0
94882 4.0
94968 5.0
94977 5.0
94978 5.0
94984 6.0
94999 8.0
95006 7.0
95086 10.0
95134 5.0
95165 4.0
95166 3.0
95190 2.0
95195 11.0
95208 7.0
95222 7.0
95229 5.0
95259 2.0
95260 3.0
95269 8.0
95395 5.0
95426 4.0
95473 6.0
95485 13.0
95497 3.0
95575 4.0
95622 3.0
95624 4.0
95625 5.0
95645 5.0
95655 5.0
95728 8.0
95786 2.0
95851 6.0
95864 3.0
95894 4.0
95908 4.0
95918 21
95933 3.0
95960 1.0
96009 2.0
96147 10.0
96161 5.0
96185 4.0
96265 2.0
96267 2.0
96294 2.0
96383 2.0
96417 1.0
96454 1.0
96510 5.0
96540 1.0
96563 3.0
96585 2.0
96633 2.0
96634 1.0
96643 2.0
96691 4.0
96748 1.0
96779 1.0
96809 11.0
96836 2.0
96869 1.0
96875 6.0
96887 1.0
96889 5.0
96915 2.0
96948 1.0
96953 21
96990 6.0
96998 5.0
97047 3.0
97050 6.0
97076 4.0
97106 1.0
97109 14.0
97113 1.0
97119 1.0
97185 1.0
97198 6.0
97205 1.0
97218 1.0
97234 4.0
97253 1.0
97255 1.0
97321 4.0
97329 4.0
97340 5.0
97345 16.0
97360 1.0
97378 1.0
97391 1.0
97437 6.0
97453 1.0
97482 6.0
97515 2.0
97585 8.0
97590 2.0
97617 1.0
97623 5.0
97624 5.0
97633 2.0
97712 10.0
97737 1.0
97740 1.0
97751 2.0
97771 2.0
97793 1.0
97797 1.0
97798 1.0
97809 1.0
97819 2.0
97820 2.0
97830 2.0
97834 1.0
97835 1.0
97918 6.0
97929 21
97933 3.0
97975 3.0
97992 21
97997 1.0
98044 2.0
98064 1.0
98089 1.0
98121 12.0
98226 1.0
98241 2.0
98301 3.0
98303 21
98376 1.0
98379 6.0
98419 3.0
98434 4.0
98470 1.0
98477 2.0
98488 5.0
98493 2.0
98495 3.0
98534 8.0
98539 12.0
98567 2.0
98593 2.0
98603 2.0
98626 2.0
98631 2.0
98632 2.0
98664 2.0
98694 2.0
98731 1.0
98751 2.0
98824 2.0
98831 4.0
98902 2.0
98954 3.0
99028 21
99032 5.0
99042 21
99062 21
99085 21
99089 2.0
99090 6.0
99167 2.0
99176 2.0
99192 4.0
99236 2.0
99248 2.0
99284 2.0
99289 4.0
99314 4.0
99320 6.0
99326 6.0
99384 4.0
99394 2.0
99453 3.0
99469 3.0
99476 2.0
99525 2.0
99538 7.0
99549 2.0
99551 2.0
99564 8.0
99579 21
99580 8.0
99589 2.0
99664 1.0
99701 1.0
99708 5.0
99711 1.0
99734 1.0
99736 1.0
99745 1.0
99747 1.0
99751 1.0
99760 1.0
99843 2.0
99917 5.0
99954 3.0
99975 5.0
100010 2.0
100036 3.0
100082 2.0
100084 2.0
100098 5.0
100131 2.0
100160 2.0
100194 2.0
100205 2.0
100228 2.0
100247 2.0
100267 2.0
100336 7.0
100338 7.0
100339 3.0
100395 3.0
100400 3.0
100403 8.0
100458 4.0
100472 6.0
100504 1.0
100526 5.0
100560 1.0
100585 16.0
100612 7.0
100652 14.0
100663 7.0
100671 4.0
100684 1.0
100801 7.0
100888 6.0
100925 6.0
100927 7.0
100953 8.0
100993 9.0
101020 5.0
101033 8.0
101034 8.0
101047 8.0
101067 4.0
101098 1.0
101100 3.0
101190 8.0
101237 1.0
101301 5.0
101326 9.0
101344 21
101396 11.0
101406 11.0
101407 5.0
101423 21
101432 8.0
101443 7.0
101447 2.0
101453 2.0
101492 21
101500 1.0
101512 6.0
101521 8.0
101538 1.0
101558 3.0
101566 5.0
101602 2.0
101632 1.0
101643 1.0
101658 1.0
101708 2.0
101731 1.0
101779 1.0
101789 9.0
101824 10.0
101832 10.0
101851 10.0
101860 7.0
101869 7.0
101893 1.0
101894 1.0
101956 9.0
101966 4.0
102003 5.0
102017 2.0
102029 9.0
102082 5.0
102104 6.0
102150 3.0
102182 1.0
102204 2.0
102262 1.0
102307 1.0
102321 9.0
102386 2.0
102404 2.0
102406 5.0
102417 4.0
102433 2.0
102434 1.0
102445 5.0
102451 3.0
102458 3.0
102467 4.0
102513 21
102529 5.0
102536 9.0
102570 5.0
102619 2.0
102638 2.0
102685 10.0
102696 3.0
102717 3.0
102728 2.0
102729 4.0
102753 5.0
102801 16.0
102822 1.0
102858 21
102859 21
102881 1.0
102957 21
102984 8.0
103001 1.0
103012 21
103058 1.0
103103 1.0
103170 2.0
103175 4.0
103191 3.0
103196 1.0
103216 12.0
103218 4.0
103219 1.0
103227 3.0
103262 5.0
103265 21
103271 5.0
103283 7.0
103287 6.0
103302 8.0
103332 21
103390 4.0
103407 2.0
103428 1.0
103451 1.0
103568 1.0
103571 3.0
103581 4.0
103598 2.0
103607 11.0
103624 2.0
103626 10.0
103642 1.0
103647 8.0
103654 2.0
103656 2.0
103671 2.0
103675 2.0
103737 1.0
103741 11.0
103772 21
103791 2.0
103866 5.0
103869 1.0
103910 5.0
103918 9.0
103947 2.0
103999 1.0
104034 1.0
104038 5.0
104051 1.0
104069 12.0
104076 1.0
104090 11.0
104100 6.0
104110 21
104116 7.0
104147 7.0
104159 8.0
104221 7.0
104268 1.0
104278 7.0
104287 3.0
104302 6.0
104319 7.0
104322 10.0
104336 8.0
104383 10.0
104440 1.0
104452 6.0
104467 10.0
104495 5.0
104540 10.0
104548 8.0
104552 7.0
104559 10.0
104579 5.0
104587 3.0
104612 2.0
104621 7.0
104630 11.0
104663 17.0
104684 2.0
104691 6.0
104700 12.0
104706 6.0
104722 8.0
104755 7.0
104780 11.0
104831 8.0
104888 1.0
104977 10.0
104982 13.0
104986 9.0
105003 7.0
105019 6.0
105054 2.0
105090 6.0
105119 6.0
105185 6.0
105211 6.0
105212 6.0
105261 4.0
105262 1.0
105263 5.0
105308 1.0
105320 3.0
105348 2.0
105388 5.0
105449 9.0
105498 3.0
105522 3.0
105535 3.0
105538 3.0
105580 1.0
105595 1.0
105609 1.0
105656 4.0
105703 4.0
105708 11.0
105729 2.0
105747 13.0
105772 8.0
105801 2.0
105804 4.0
105856 21
105860 4.0
105865 1.0
105878 1.0
105937 4.0
105941 6.0
106047 9.0
106061 7.0
106073 2.0
106086 6.0
106107 4.0
106118 5.0
106143 9.0
106230 6.0
106238 4.0
106275 4.0
106286 5.0
106306 8.0
106347 4.0
106380 6.0
106404 1.0
106421 4.0
106432 4.0
106502 2.0
106514 1.0
106556 2.0
106564 4.0
106650 21
106689 2.0
106691 5.0
106734 3.0
106737 3.0
106743 9.0
106747 5.0
106748 7.0
106753 9.0
106762 5.0
106774 1.0
106788 4.0
106818 6.0
106823 3.0
106854 14.0
106900 2.0
106901 6.0
106925 2.0
106934 3.0
106970 3.0
107047 4.0
107133 2.0
107167 5.0
107170 6.0
107183 12.0
107192 5.0
107212 2.0
107255 1.0
107323 1.0
107333 20.0
107341 6.0
107349 11.0
107375 1.0
107422 1.0
107434 12.0
107442 12.0
107464 21
107499 11.0
107512 21
107574 7.0
107576 4.0
107602 4.0
107654 8.0
107659 6.0
107689 8.0
107705 2.0
107749 4.0
107776 21
107791 20.0
107803 2.0
107831 2.0
107843 21
107865 13.0
107935 5.0
107956 1.0
107993 3.0
108006 2.0
108021 2.0
108025 5.0
108036 7.0
108060 2.0
108064 8.0
108070 2.0
108093 1.0
108095 2.0
108109 2.0
108176 1.0
108180 6.0
108203 1.0
108248 1.0
108253 1.0
108299 1.0
108342 11.0
108353 1.0
108409 3.0
108421 5.0
108443 9.0
108457 5.0
108487 4.0
108610 2.0
108639 4.0
108681 10.0
108721 1.0
108736 2.0
108811 8.0
108828 2.0
108862 5.0
108876 3.0
108909 2.0
108930 4.0
108933 9.0
108969 14.0
108987 8.0
108992 9.0
109063 1.0
109081 9.0
109190 2.0
109214 7.0
109243 2.0
109276 2.0
109303 5.0
109305 1.0
109308 2.0
109316 2.0
109318 6.0
109352 8.0
109384 21
109424 9.0
109455 4.0
109460 2.0
109522 21
109547 8.0
109556 15.0
109566 7.0
109617 2.0
109619 5.0
109637 1.0
109646 6.0
109649 1.0
109693 2.0
109696 4.0
109723 7.0
109737 7.0
109800 3.0
109808 1.0
109817 3.0
109832 2.0
109846 5.0
109849 4.0
109892 4.0
109930 2.0
109981 8.0
110009 2.0
110018 4.0
110027 7.0
110030 7.0
110045 9.0
110080 6.0
110089 6.0
110104 6.0
110153 6.0
110158 4.0
110172 2.0
110206 7.0
110223 9.0
110248 2.0
110252 13.0
110297 21
110325 21
110375 1.0
110427 21
110435 4.0
110455 19.0
110457 5.0
110500 9.0
110559 6.0
110578 8.0
110589 11.0
110633 6.0
110651 3.0
110728 4.0
110755 3.0
110780 3.0
110793 3.0
110834 4.0
110887 5.0
110918 21
110978 9.0
111067 9.0
111152 1.0
111165 5.0
111190 5.0
111203 21
111241 1.0
111276 5.0
111300 5.0
111308 2.0
111312 2.0
111328 1.0
111332 8.0
111353 1.0
111359 2.0
111366 7.0
111543 2.0
111670 21
111689 2.0
111696 1.0
111699 21
111762 19.0
111835 21
111838 10.0
111901 8.0
111948 17.0
111953 19.0
111966 21
111980 2.0
112008 2.0
112021 1.0
112057 3.0
112062 3.0
112113 21
112152 1.0
112154 1.0
112178 1.0
112196 7.0
112203 15.0
112241 8.0
112245 8.0
112259 6.0
112282 8.0
112350 2.0
112353 1.0
112373 21
112389 6.0
112431 2.0
112440 2.0
112491 3.0
112550 2.0
112552 11.0
112603 1.0
112644 8.0
112659 12.0
112691 6.0
112703 1.0
112723 2.0
112750 14.0
112795 8.0
112815 2.0
112879 5.0
112887 2.0
112936 12.0
112940 2.0
113046 1.0
113052 1.0
113063 2.0
113088 2.0
113102 3.0
113108 1.0
113126 2.0
113173 8.0
113218 9.0
113230 2.0
113235 2.0
113265 7.0
113273 3.0
113291 2.0
113296 21
113304 10.0
113337 10.0
113359 2.0
113390 2.0
113440 2.0
113467 2.0
113504 1.0
113506 2.0
113544 1.0
113553 6.0
113554 9.0
113555 3.0
113649 1.0
113684 1.0
113696 1.0
113725 1.0
113729 8.0
113745 10.0
113783 11.0
113825 6.0
113831 10.0
113882 6.0
113932 4.0
113956 1.0
114013 8.0
114022 6.0
114033 2.0
114067 1.0
114115 5.0
114122 1.0
114137 8.0
114182 10.0
114185 5.0
114200 11.0
114202 10.0
114218 1.0
114220 1.0
114240 7.0
114243 17.0
114267 1.0
114270 7.0
114477 10.0
114595 6.0
114601 8.0
114615 8.0
114684 8.0
114697 8.0
114744 10.0
114746 1.0
114847 2.0
114867 1.0
114879 7.0
114913 1.0
114955 2.0
114967 9.0
115007 6.0
115016 4.0
115022 9.0
115072 1.0
115107 1.0
115111 2.0
115123 4.0
115147 8.0
115217 9.0
115239 10.0
115257 1.0
115273 2.0
115277 21
115296 8.0
115327 10.0
115330 12.0
115380 10.0
115441 1.0
115447 5.0
115561 21
115604 4.0
115678 6.0
115679 2.0
115681 21
115718 1.0
115741 10.0
115762 4.0
115779 10.0
115843 5.0
115888 5.0
115891 2.0
115931 7.0
115945 9.0
115954 5.0
116007 9.0
116018 3.0
116055 1.0
116146 21
116272 2.0
116295 7.0
116373 5.0
116422 2.0
116443 3.0
116455 3.0
116462 21
116490 6.0
116513 3.0
116527 2.0
116551 5.0
116558 1.0
116560 5.0
116566 2.0
116638 6.0
116645 4.0
116669 1.0
116697 2.0
116731 2.0
116742 2.0
116792 2.0
116837 1.0
116851 5.0
116869 1.0
116877 2.0
116891 2.0
116897 9.0
116904 3.0
116960 11.0
116977 5.0
116991 6.0
116994 1.0
117004 6.0
117124 6.0
117125 4.0
117129 4.0
117141 2.0
117166 1.0
117182 14.0
117183 6.0
117229 5.0
117232 2.0
117265 7.0
117268 21
117292 3.0
117327 1.0
117343 3.0
117361 3.0
117391 3.0
117420 4.0
117448 3.0
117460 1.0
117461 4.0
117468 18.0
117471 2.0
117488 7.0
117558 4.0
117562 4.0
117577 1.0
117620 9.0
117622 9.0
117665 3.0
117783 1.0
117839 4.0
117842 6.0
117877 5.0
117884 4.0
117910 2.0
117913 1.0
117919 7.0
117982 9.0
117994 6.0
118024 1.0
118129 9.0
118150 21
118170 11.0
118193 3.0
118197 20.0
118269 8.0
118300 4.0
118364 21
118413 3.0
118415 1.0
118481 1.0
118505 1.0
118511 1.0
118522 4.0
118560 1.0
118583 1.0
118684 1.0
118717 1.0
118718 1.0
118735 4.0
118782 4.0
118826 2.0
118850 6.0
118872 2.0
118924 5.0
118932 2.0
118957 2.0
119012 8.0
119020 4.0
119054 10.0
119080 6.0
119163 5.0
119166 5.0
119221 1.0
119263 1.0
119277 2.0
119294 10.0
119305 17.0
119347 1.0
119348 10.0
119378 2.0
119426 2.0
119433 21
119457 19.0
119459 2.0
119505 1.0
119523 2.0
119531 21
119561 2.0
119597 2.0
119651 12.0
119659 1.0
119685 1.0
119706 7.0
119743 8.0
119744 7.0
119756 3.0
119785 6.0
119804 9.0
119807 2.0
119808 7.0
119820 4.0
119860 4.0
119871 1.0
119872 8.0
119885 6.0
119896 12.0
119919 10.0
119960 3.0
119979 9.0
120037 8.0
120059 7.0
120106 3.0
120128 2.0
120188 2.0
120203 4.0
120220 3.0
120231 2.0
120237 3.0
120252 5.0
120264 3.0
120269 5.0
120270 7.0
120301 8.0
120315 2.0
120333 1.0
120351 16.0
120355 1.0
120413 2.0
120482 2.0
120488 8.0
120518 2.0
120528 2.0
120534 2.0
120574 20.0
120584 21
120603 1.0
120605 12.0
120614 2.0
120633 1.0
120637 1.0
120659 17.0
120734 2.0
120741 6.0
120770 2.0
120776 2.0
120779 3.0
120801 9.0
120814 5.0
120818 21
120892 12.0
120917 21
120952 5.0
120955 2.0
121002 9.0
121003 1.0
121020 5.0
121093 1.0
121161 7.0
121184 7.0
121200 1.0
121236 1.0
121270 7.0
121296 21
121306 2.0
121307 21
121308 1.0
121323 21
121325 8.0
121352 2.0
121355 10.0
121362 10.0
121389 21
121403 3.0
121444 1.0
121458 9.0
121482 10.0
121486 7.0
121510 6.0
121517 7.0
121528 7.0
121540 2.0
121589 5.0
121596 8.0
121644 9.0
121668 6.0
121740 6.0
121761 3.0
121770 2.0
121787 1.0
121863 8.0
121874 11.0
121893 2.0
121927 15.0
121934 3.0
122073 8.0
122084 7.0
122094 3.0
122105 21
122138 1.0
122142 21
122171 5.0
122189 6.0
122197 10.0
122272 1.0
122301 7.0
122317 1.0
122339 1.0
122347 11.0
122365 5.0
122371 9.0
122386 2.0
122396 1.0
122444 19.0
122455 2.0
122483 3.0
122496 1.0
122506 5.0
122510 1.0
122514 1.0
122526 21
122532 21
122538 2.0
122567 7.0
122573 21
122585 2.0
122592 3.0
122629 2.0
122667 3.0
122711 1.0
122725 1.0
122774 5.0
122789 1.0
122797 2.0
122811 21
122832 8.0
122905 2.0
122943 18.0
122978 5.0
123024 1.0
123062 1.0
123111 6.0
123130 21
123139 5.0
123171 1.0
123180 12.0
123205 1.0
123214 1.0
123220 3.0
123228 3.0
123236 7.0
123255 2.0
123268 1.0
123315 21
123362 3.0
123374 1.0
123411 1.0
123428 1.0
123444 3.0
123497 5.0
123505 3.0
123508 21
123522 6.0
123627 2.0
123634 3.0
123674 8.0
123684 21
123708 2.0
123778 2.0
123787 2.0
123831 11.0
123853 9.0
123887 7.0
123895 7.0
123920 2.0
123943 8.0
123973 5.0
124056 21
124067 2.0
124104 2.0
124107 2.0
124126 2.0
124137 2.0
124146 2.0
124147 2.0
124153 2.0
124162 2.0
124171 2.0
124196 2.0
124220 2.0
124279 1.0
124321 1.0
124328 2.0
124334 5.0
124374 9.0
124440 1.0
124441 2.0
124443 5.0
124464 7.0
124492 2.0
124506 13.0
124557 9.0
124558 4.0
124565 7.0
124576 1.0
124612 6.0
124628 7.0
124662 7.0
124700 5.0
124706 2.0
124721 11.0
124768 12.0
124802 11.0
124823 2.0
124902 4.0
124963 8.0
124977 8.0
125039 8.0
125051 9.0
125127 8.0
125180 8.0
125196 10.0
125202 8.0
125252 10.0
125307 10.0
125320 9.0
125336 11.0
125350 7.0
125372 1.0
125409 1.0
125415 1.0
125419 7.0
125425 8.0
125435 1.0
125442 5.0
125476 10.0
125499 2.0
125534 6.0
125562 1.0
125598 2.0
125637 2.0
125646 2.0
125657 3.0
125663 5.0
125697 1.0
125711 4.0
125743 1.0
125746 2.0
125760 5.0
125777 6.0
125789 8.0
125814 1.0
125819 1.0
125880 4.0
125904 5.0
125915 2.0
125916 4.0
125919 4.0
125921 7.0
125962 14.0
125976 7.0
125978 3.0
126021 4.0
126035 5.0
126041 7.0
126065 7.0
126090 6.0
126128 1.0
126154 6.0
126197 2.0
126216 2.0
126222 5.0
126229 7.0
126261 19.0
126315 21
126318 5.0
126354 3.0
126355 4.0
126386 7.0
126401 1.0
126402 6.0
126454 9.0
126511 2.0
126524 3.0
126545 4.0
126569 6.0
126578 6.0
126596 1.0
126629 9.0
126632 7.0
126639 2.0
126655 1.0
126697 6.0
126730 1.0
126737 1.0
126738 1.0
126745 1.0
126764 1.0
126765 7.0
126802 2.0
126818 2.0
126836 1.0
126850 1.0
126867 1.0
126880 1.0
126887 1.0
126899 1.0
126928 3.0
126931 21
126954 1.0
126971 14.0
126983 1.0
127037 1.0
